N=5, t_perp=0.100 
-2.099580428777234431e+02
-2.099580428777228747e+02
-2.098922120381050718e+02
-2.088135449561356722e+02
-2.086671831974417159e+02
-2.086671831974404085e+02
-2.079063049747537093e+02
-2.079018138382223810e+02
-2.079018138382212442e+02
-2.077542823313515044e+02
-2.077542823313507654e+02
-2.077282607014986979e+02
-2.075507211665802458e+02
-2.075507211665776879e+02
-2.074631215275496459e+02
-2.060622728434458395e+02
-2.060368535269378754e+02
-2.059507147059903218e+02
-2.059507147059897534e+02
-2.059027898108623447e+02
-2.058798196671168625e+02
-2.058798196671166920e+02
-2.057495667985136549e+02
-2.057495667985136265e+02
-2.056680632854499322e+02
-2.056680632854489374e+02
-2.055664748427871871e+02
-2.054047697055567028e+02
-2.054047697055559638e+02
-2.053819074305955326e+02
-2.052677402106676539e+02
-2.052677402106668865e+02
-2.052081100017554149e+02
-2.048813276654932167e+02
-2.048813276654925630e+02
-2.047422955636466213e+02
-2.046961327372447386e+02
-2.046961327372440564e+02
-2.045589951484570008e+02
-2.044482733330931126e+02

N=6, t_perp=0.100 
-2.125207438788854688e+02
-2.120592992226364117e+02
-2.120592992226355307e+02
-2.116992805073395800e+02
-2.116992805073386705e+02
-2.105661762391846707e+02
-2.105400732986683749e+02
-2.105400732986669254e+02
-2.105037599620681021e+02
-2.104622043916462815e+02
-2.101769379829558204e+02
-2.101769379829548541e+02
-2.101290507145373567e+02
-2.101290507145371578e+02
-2.101247226771562850e+02
-2.099205841085781969e+02
-2.098781090561273572e+02
-2.098781090561263625e+02
-2.090822171122403290e+02
-2.090822171122392774e+02
-2.089625767803267422e+02
-2.089625767803261454e+02
-2.089402052098442368e+02
-2.087879810839066579e+02
-2.087182653958566902e+02
-2.087119006240396573e+02
-2.087119006240384635e+02
-2.086825653541386885e+02
-2.082649573825172808e+02
-2.082558321115283491e+02
-2.082049924822184437e+02
-2.081829148892221895e+02
-2.081829148892217916e+02
-2.081538784151561003e+02
-2.081538784151559867e+02
-2.080823647807116572e+02
-2.080629119683789270e+02
-2.080629119683788701e+02
-2.079581620524966752e+02
-2.079581620524963341e+02

N=7, t_perp=0.100 
-2.147592438392814813e+02
-2.146060771603875708e+02
-2.146060771603863770e+02
-2.139242058778590376e+02
-2.139242058778485500e+02
-2.135553071716716147e+02
-2.131804415945670428e+02
-2.131230587500810429e+02
-2.131230587500777460e+02
-2.128874935207851138e+02
-2.127987614056931989e+02
-2.127987614056918630e+02
-2.126737358494314947e+02
-2.126737358494310683e+02
-2.126532680927942351e+02
-2.124635085814127251e+02
-2.124635085814111051e+02
-2.122374037079742379e+02
-2.121357844936907497e+02
-2.119300123885358573e+02
-2.119300123885352889e+02
-2.118641721165810736e+02
-2.118641721165807894e+02
-2.118636233398326567e+02
-2.117535144033487313e+02
-2.116537153325777467e+02
-2.116537153325775762e+02
-2.114008763991041349e+02
-2.113987136240782547e+02
-2.113987136240781126e+02
-2.112126708632083592e+02
-2.112024659207630748e+02
-2.111966533786908826e+02
-2.111966533786899163e+02
-2.111446924986990439e+02
-2.111446924986987028e+02
-2.110355496978976362e+02
-2.109350189213911619e+02
-2.109350189213890303e+02
-2.108937507509987768e+02

N=8, t_perp=0.100 
-2.170475255163982808e+02
-2.170475255163963766e+02
-2.170089263522095280e+02
-2.162968735650663916e+02
-2.162120466216588284e+02
-2.162120466216510124e+02
-2.156550456522923582e+02
-2.155693343965435247e+02
-2.155693343965421604e+02
-2.155327946614881967e+02
-2.155327946614855534e+02
-2.153787081272635930e+02
-2.153277270796903338e+02
-2.153277270796901632e+02
-2.153025086594644222e+02
-2.148819467957957841e+02
-2.147683616380471676e+02
-2.147683616380470824e+02
-2.145879082002713574e+02
-2.145879082002698226e+02
-2.145585739069205715e+02
-2.144656549849545684e+02
-2.144656549849531189e+02
-2.144011628157858524e+02
-2.143257549391402108e+02
-2.143126294444654718e+02
-2.143126294444644770e+02
-2.142648830968244056e+02
-2.142265677905600967e+02
-2.142265677905572829e+02
-2.142114856921966179e+02
-2.141530749819613675e+02
-2.141530749819598896e+02
-2.139739559893189380e+02
-2.139739559893189096e+02
-2.139377193584174108e+02
-2.138003325952277009e+02
-2.138003325952271894e+02
-2.137751225081454152e+02
-2.137570109882157396e+02

N=9, t_perp=0.100 
-2.195266803250947305e+02
-2.192841361679092529e+02
-2.192841361679007548e+02
-2.188968720249197872e+02
-2.188968720249075375e+02
-2.181888501804611735e+02
-2.181413416505331782e+02
-2.181007363688690077e+02
-2.181007363688666203e+02
-2.180434179573699112e+02
-2.178300480372207915e+02
-2.178300480372200525e+02
-2.178245940902181417e+02
-2.178225591762788724e+02
-2.178225591762780766e+02
-2.176554903337031703e+02
-2.175865068929107338e+02
-2.175865068929101938e+02
-2.170667160361017238e+02
-2.170667160360994217e+02
-2.169817553573624878e+02
-2.169796752667875239e+02
-2.169469514002530559e+02
-2.169469514002527717e+02
-2.169152901825214883e+02
-2.169095398002092452e+02
-2.169095398002089325e+02
-2.168926299950245777e+02
-2.168248356558598005e+02
-2.168248356558582373e+02
-2.167782035522591002e+02
-2.167782035522581907e+02
-2.167688969508278092e+02
-2.166404695449450060e+02
-2.165744233158768566e+02
-2.165744233158758334e+02
-2.165470107704181260e+02
-2.165470107704169322e+02
-2.165203959412042423e+02
-2.163987350740169973e+02

N=10, t_perp=0.100 
-2.218353204016312361e+02
-2.217154082180418300e+02
-2.217154082180414321e+02
-2.212040980959914691e+02
-2.212040980959791909e+02
-2.208738803287286885e+02
-2.206208142164508388e+02
-2.205647996073152797e+02
-2.205647996073139154e+02
-2.204311248625194821e+02
-2.203572105801576129e+02
-2.203572105801555097e+02
-2.202971153910478961e+02
-2.202942898793863264e+02
-2.202942898793816937e+02
-2.200503066453279928e+02
-2.200503066453234169e+02
-2.200054775481820855e+02
-2.197247301847833967e+02
-2.196966252539625373e+02
-2.196966252539614004e+02
-2.195451973220459365e+02
-2.195333624492973286e+02
-2.195333624492942874e+02
-2.195183870012118632e+02
-2.194551210768094620e+02
-2.194551210768062504e+02
-2.193377589365448728e+02
-2.192620925018183016e+02
-2.192620925018182447e+02
-2.192620609914544616e+02
-2.192352319413742521e+02
-2.192352319413715804e+02
-2.191943744580408122e+02
-2.191943744580404996e+02
-2.191635583413548716e+02
-2.191635583413541042e+02
-2.191322173195084986e+02
-2.190523836768616093e+02
-2.190045285177650669e+02

N=11, t_perp=0.100 
-2.241357816184965372e+02
-2.241357816184919898e+02
-2.241186083629824566e+02
-2.235202178990077186e+02
-2.234837394567529998e+02
-2.234837394567513513e+02
-2.230535041187302170e+02
-2.229604716977833618e+02
-2.229604716977787575e+02
-2.229507040998272771e+02
-2.229507040998228717e+02
-2.227940598189416619e+02
-2.227862610609342653e+02
-2.227862610609323610e+02
-2.227837700537664887e+02
-2.224769700068773375e+02
-2.223658235940914665e+02
-2.223658235940852705e+02
-2.222910984083447659e+02
-2.222910984083431174e+02
-2.222477981793173853e+02
-2.220679607897381800e+02
-2.220317805535986508e+02
-2.220317805535971729e+02
-2.220153368801198894e+02
-2.219921558890021345e+02
-2.219921558890013102e+02
-2.218965354572192155e+02
-2.218965354572162312e+02
-2.218425090512294844e+02
-2.218425090512292570e+02
-2.218420937526657895e+02
-2.218402539426404871e+02
-2.217244135673402923e+02
-2.217244135673396102e+02
-2.217012356043504724e+02
-2.215672319694364774e+02
-2.215598971637723196e+02
-2.215236473476188621e+02
-2.215236473476155936e+02

N=12, t_perp=0.100 
-2.265713362828475681e+02
-2.264394496213867285e+02
-2.264394496213778893e+02
-2.260160277847856776e+02
-2.260160277847700456e+02
-2.255814863038848159e+02
-2.254826966644804145e+02
-2.254370008031378632e+02
-2.254370008031364989e+02
-2.253664275680241360e+02
-2.252507874644171579e+02
-2.252399589193513805e+02
-2.252399589193505562e+02
-2.252369572496468493e+02
-2.252369572496462240e+02
-2.250873930335797297e+02
-2.250243865040917228e+02
-2.250243865040868343e+02
-2.246703193389427042e+02
-2.246703193389334672e+02
-2.245938050393403387e+02
-2.245500549809906090e+02
-2.245308335538205995e+02
-2.245308335538170752e+02
-2.245079657745817485e+02
-2.244847193967524959e+02
-2.244847193967513022e+02
-2.244511188701618494e+02
-2.243584877901701304e+02
-2.243584877901675441e+02
-2.243523764328300274e+02
-2.243523764328298000e+02
-2.243469414458475626e+02
-2.242597979570393250e+02
-2.242342325424416174e+02
-2.242342325424413900e+02
-2.241352500241509915e+02
-2.241270770783584965e+02
-2.241270770783574164e+02
-2.240914200658862683e+02

