N=5, t_perp=0.100 
-2.097327363523127985e+02
-2.097327363523124575e+02
-2.094777899653849715e+02
-2.087045112021937712e+02
-2.082818328531111263e+02
-2.082818328531106999e+02
-2.081116655259931747e+02
-2.081116655259913841e+02
-2.078153484930543868e+02
-2.077745797077404575e+02
-2.077745797077395196e+02
-2.076747955032201389e+02
-2.076561951808710944e+02
-2.075172625104567601e+02
-2.074681552917504064e+02
-2.074681552917472516e+02
-2.070461111930127061e+02
-2.070461111930117681e+02
-2.069262252408682343e+02
-2.068175100396008474e+02
-2.068175100395997958e+02
-2.064616954625525409e+02
-2.064616954625516598e+02
-2.064293399263907531e+02
-2.061922960685352280e+02
-2.061641776302468259e+02
-2.061641776302453479e+02
-2.058898125186001664e+02
-2.058571518760718106e+02
-2.058571518760718106e+02
-2.055071232494664457e+02
-2.055071232494653657e+02
-2.051724549813106933e+02
-2.051724549813098974e+02
-2.049471659419481284e+02
-2.049436396601690547e+02
-2.049436396601672925e+02
-2.048380573743500577e+02
-2.047218283570313986e+02
-2.047004410325282890e+02

N=6, t_perp=0.100 
-2.121996492170727322e+02
-2.116574085665707798e+02
-2.116574085665662608e+02
-2.112606089251987385e+02
-2.112606089251914625e+02
-2.106569782742112693e+02
-2.106569782742090808e+02
-2.105101793594398885e+02
-2.104970993030260900e+02
-2.103357418911531624e+02
-2.103357418911522245e+02
-2.101626992524998343e+02
-2.100682296910890159e+02
-2.100682296910872822e+02
-2.100612753459319038e+02
-2.097676901264588309e+02
-2.097676901264581772e+02
-2.095471563635794041e+02
-2.094194988011813621e+02
-2.093813850509517351e+02
-2.093204778709103664e+02
-2.093204778709095137e+02
-2.092452702095245343e+02
-2.092452702095236532e+02
-2.090947551583077200e+02
-2.090089519397818947e+02
-2.090089519397818663e+02
-2.089115281566930378e+02
-2.089115281566930378e+02
-2.088395798895054440e+02
-2.087730801220452008e+02
-2.087707988707572895e+02
-2.087707988707571189e+02
-2.087221779243496940e+02
-2.087221779243488982e+02
-2.086529025289453614e+02
-2.086528796756340114e+02
-2.086528796756328461e+02
-2.084820829675033167e+02
-2.083298786876666497e+02

N=7, t_perp=0.100 
-2.143576080086632771e+02
-2.141175445408153450e+02
-2.141175445408116218e+02
-2.135519507183590520e+02
-2.135519507183465180e+02
-2.130381742279498383e+02
-2.130265554769582650e+02
-2.127676403544325296e+02
-2.127676403544309096e+02
-2.127225069165884292e+02
-2.127225069165867239e+02
-2.126344185678160272e+02
-2.125706647127291262e+02
-2.125706647127259998e+02
-2.123907842997722355e+02
-2.123907842997722071e+02
-2.123337755123422141e+02
-2.121751997726752847e+02
-2.121696632982742017e+02
-2.119860275780197298e+02
-2.119401371521995827e+02
-2.119270718294575602e+02
-2.119270718294571907e+02
-2.118879629994761444e+02
-2.118879629994755476e+02
-2.118221691909768083e+02
-2.118221691909767515e+02
-2.116374366174564727e+02
-2.116374366174554496e+02
-2.115989559067590164e+02
-2.115989559067575101e+02
-2.114806530268846814e+02
-2.114775552090353585e+02
-2.113824005364282357e+02
-2.112764901646427518e+02
-2.112764901646421265e+02
-2.112595187395555172e+02
-2.112503236501393076e+02
-2.111848919861180036e+02
-2.111848919861153036e+02

N=8, t_perp=0.100 
-2.165612851248065738e+02
-2.165612851248052095e+02
-2.163698317711395305e+02
-2.159092782581068661e+02
-2.155951839829940297e+02
-2.155951839829842811e+02
-2.153184090655441878e+02
-2.153184090655322791e+02
-2.151190016130716742e+02
-2.151003927109341873e+02
-2.151003927109335621e+02
-2.150654154981113777e+02
-2.150626290522319835e+02
-2.150626290522313298e+02
-2.150267357830315120e+02
-2.148618182658329374e+02
-2.146065109961215285e+02
-2.146065109961180042e+02
-2.145814651190535471e+02
-2.145814651190529787e+02
-2.145704338059644272e+02
-2.144980216021332922e+02
-2.144615436612872372e+02
-2.144615436612864130e+02
-2.142848699290035199e+02
-2.142712394565020304e+02
-2.142493654187952643e+02
-2.142493654187947243e+02
-2.142464242034396307e+02
-2.140759110584323537e+02
-2.140759110584322684e+02
-2.140683280473082846e+02
-2.140219982194005865e+02
-2.140098439220887769e+02
-2.140098439220871853e+02
-2.139098303432965906e+02
-2.139098303432964485e+02
-2.138839853894526755e+02
-2.138839853894520786e+02
-2.138002013276891375e+02

N=9, t_perp=0.100 
-2.189366618906193480e+02
-2.186601897066683762e+02
-2.186601897066595086e+02
-2.182459131637764074e+02
-2.182459131637657492e+02
-2.177014013821097080e+02
-2.176776859655345788e+02
-2.176719087488710329e+02
-2.176719087488692423e+02
-2.175948552900494235e+02
-2.175542586090986958e+02
-2.175542586090954273e+02
-2.173806070998689393e+02
-2.173686355045004177e+02
-2.173686355044999914e+02
-2.170712563749642356e+02
-2.170712563749587218e+02
-2.169864663269218283e+02
-2.168946280983371651e+02
-2.168946280983362271e+02
-2.168878560881394719e+02
-2.168673842139645842e+02
-2.168673842139631063e+02
-2.168335844516268196e+02
-2.168335844516239490e+02
-2.167242624571087788e+02
-2.167241206362055266e+02
-2.167138862586021162e+02
-2.166102137461801078e+02
-2.166102137461790278e+02
-2.166090658072814108e+02
-2.166090658072805866e+02
-2.165859772009803237e+02
-2.164357654305590302e+02
-2.164357654305580070e+02
-2.164254738897175230e+02
-2.164080143739109303e+02
-2.163864875866666466e+02
-2.163816389130141431e+02
-2.163816389130128925e+02

N=10, t_perp=0.100 
-2.211802225515199325e+02
-2.209800584981943814e+02
-2.209800584981872191e+02
-2.205506460206183021e+02
-2.205506460206067061e+02
-2.201263096481312402e+02
-2.200734192122247350e+02
-2.199500558044003924e+02
-2.199500558043991418e+02
-2.199152400743489864e+02
-2.198943659153868282e+02
-2.198943659153836734e+02
-2.197450262345549561e+02
-2.197450262345422232e+02
-2.196536736110422510e+02
-2.196473910967480663e+02
-2.196473910967341681e+02
-2.194916028193514705e+02
-2.193658461264365087e+02
-2.192346242548858584e+02
-2.192267594330128304e+02
-2.192267594330103009e+02
-2.191817570876975765e+02
-2.191817570876974060e+02
-2.191438563341883423e+02
-2.191410849240564858e+02
-2.191410849240553489e+02
-2.191256200415437831e+02
-2.191256200415432147e+02
-2.190927338437334413e+02
-2.190927338437332139e+02
-2.189599052786627453e+02
-2.189599052786613811e+02
-2.189490047912421460e+02
-2.189450420218280158e+02
-2.188790177503360894e+02
-2.188515963472717658e+02
-2.188318586967454280e+02
-2.188318586967431258e+02
-2.187975136743059466e+02

N=11, t_perp=0.100 
-2.233823972519219296e+02
-2.233823972519192864e+02
-2.232619656670304948e+02
-2.228546712153854799e+02
-2.226539416145228927e+02
-2.226539416145076018e+02
-2.223664236552093314e+02
-2.223664236551973659e+02
-2.222854105744850415e+02
-2.222387772127013932e+02
-2.222387772126997731e+02
-2.221971992850698143e+02
-2.221844648503904978e+02
-2.221844648503870587e+02
-2.220889550108693697e+02
-2.219631182969586973e+02
-2.219042155552196220e+02
-2.218095380435440518e+02
-2.218095380435366621e+02
-2.217107636206365839e+02
-2.217107636206322923e+02
-2.216744578890849482e+02
-2.216480785274674759e+02
-2.216480785274644063e+02
-2.215303781085605692e+02
-2.214891307058771872e+02
-2.214891307058768746e+02
-2.214413749416040673e+02
-2.214402835174234667e+02
-2.214402835174228699e+02
-2.214215096757027652e+02
-2.213620187699891062e+02
-2.213576248865260254e+02
-2.213576248865247749e+02
-2.213075053623972224e+02
-2.213075053623968529e+02
-2.212789070131350400e+02
-2.212789070131346421e+02
-2.212785591844125861e+02
-2.212442002585929117e+02

N=12, t_perp=0.100 
-2.257104569743148090e+02
-2.255690534044532001e+02
-2.255690534044433946e+02
-2.251379271782020055e+02
-2.251379271781856346e+02
-2.247675861373845123e+02
-2.247222217190648337e+02
-2.246866923114492920e+02
-2.246271691474001386e+02
-2.246271691473978649e+02
-2.246194133948085323e+02
-2.246194133948057186e+02
-2.245070235521019129e+02
-2.245070235520937558e+02
-2.245043508776660701e+02
-2.242197301107237024e+02
-2.242197301107127316e+02
-2.241897119476454634e+02
-2.241062473776399600e+02
-2.241062473776372030e+02
-2.240319859746564362e+02
-2.240279900400061024e+02
-2.240279900400041413e+02
-2.239913083262245834e+02
-2.239913083262188991e+02
-2.239311318388524512e+02
-2.238882739865502742e+02
-2.238874749314114467e+02
-2.238267339354485443e+02
-2.237951785084837013e+02
-2.237951785084810012e+02
-2.237654879460936570e+02
-2.237654879460929465e+02
-2.237194042646032699e+02
-2.237065441727555424e+02
-2.237065441727544339e+02
-2.236889626867660752e+02
-2.236170236723315554e+02
-2.236170236723315270e+02
-2.236098331876211205e+02

