N=5, t_perp=0.100 
-2.082396010737499807e+02
-2.082396010737494692e+02
-2.082283048391990121e+02
-2.060387247889761397e+02
-2.060387247889758555e+02
-2.059818480976782098e+02
-2.059562945000699585e+02
-2.059562945000695038e+02
-2.059533061238481935e+02
-2.057966521702914520e+02
-2.057668668914899683e+02
-2.057668668914893431e+02
-2.057147772145339104e+02
-2.057147772145331714e+02
-2.057106437653351918e+02
-2.052594936028830261e+02
-2.051868197278059824e+02
-2.051251318831975254e+02
-2.051251318831971560e+02
-2.050766955405418628e+02
-2.050766955405405270e+02
-2.049405826041425769e+02
-2.048891738907897491e+02
-2.048891738907892659e+02
-2.047317057393426296e+02
-2.047317057393425443e+02
-2.045991754620206962e+02
-2.039099061190913460e+02
-2.039099061190900670e+02
-2.037564988810275963e+02
-2.037564988810273690e+02
-2.036778967664703544e+02
-2.036566309511805741e+02
-2.034924418854091073e+02
-2.034789065813647824e+02
-2.034789065813647539e+02
-2.034749858217658414e+02
-2.033245025265140100e+02
-2.033245025265139532e+02
-2.031118601311400766e+02

N=6, t_perp=0.100 
-2.102857843880827318e+02
-2.102767577250580473e+02
-2.102767577250567967e+02
-2.080542065037487021e+02
-2.080542065037475083e+02
-2.080363561678272220e+02
-2.079796578668666598e+02
-2.079796578668664893e+02
-2.079346279672315347e+02
-2.079243371687233832e+02
-2.078802664239447608e+02
-2.078802664239446756e+02
-2.078563160168715740e+02
-2.078210010061220032e+02
-2.078210010061213211e+02
-2.075548342131573349e+02
-2.075402050458584995e+02
-2.075402050458583005e+02
-2.074404545568100104e+02
-2.074404545568087315e+02
-2.073623262796066058e+02
-2.072709731354217695e+02
-2.072302630759991473e+02
-2.072302630759978115e+02
-2.071383251240139032e+02
-2.071383251240123968e+02
-2.070749606618777250e+02
-2.069373509789930381e+02
-2.069026191855811874e+02
-2.069026191855786863e+02
-2.067695928719003291e+02
-2.067695928719001586e+02
-2.066694605271934222e+02
-2.061070912541460132e+02
-2.060829304359309617e+02
-2.060829304359302796e+02
-2.059422375299718055e+02
-2.058811727471518509e+02
-2.058811727471515098e+02
-2.056070369466486909e+02

N=7, t_perp=0.100 
-2.123259444583661946e+02
-2.123228336164694099e+02
-2.123228336164681878e+02
-2.101070431013250754e+02
-2.100890027773230315e+02
-2.100890027773229747e+02
-2.100178982716608687e+02
-2.100178982716599876e+02
-2.099863132451461070e+02
-2.099103837137764970e+02
-2.099103837137763264e+02
-2.099099434568090885e+02
-2.099038707237671417e+02
-2.099004379293741920e+02
-2.099004379293732256e+02
-2.097796663497984753e+02
-2.097297955045247875e+02
-2.097297955045233948e+02
-2.095951566908690040e+02
-2.095951566908687482e+02
-2.095112394475303574e+02
-2.094597322953814285e+02
-2.094514512563254414e+02
-2.094408323827973391e+02
-2.094408323827969411e+02
-2.094389689316647605e+02
-2.094389689316635952e+02
-2.092684086636155598e+02
-2.092496735279355562e+02
-2.092496735279349025e+02
-2.091958288770014747e+02
-2.091958288770013326e+02
-2.091574437927714598e+02
-2.089188063290348794e+02
-2.088963030552011446e+02
-2.088963030552006046e+02
-2.088188619916540461e+02
-2.088188619916539892e+02
-2.087728990627557550e+02
-2.082053957593155644e+02

N=8, t_perp=0.100 
-2.143681630884931906e+02
-2.143681630884872504e+02
-2.143676066566848419e+02
-2.121171772915325562e+02
-2.121157502961035846e+02
-2.121157502961029024e+02
-2.120901164992729093e+02
-2.120901164992725114e+02
-2.120690510775812356e+02
-2.119942392047815360e+02
-2.119662219085513186e+02
-2.119662219085510060e+02
-2.119324368673132142e+02
-2.119324368673127310e+02
-2.119182785438453891e+02
-2.117884488666296932e+02
-2.117811944949436054e+02
-2.117811944949432927e+02
-2.117531957324000871e+02
-2.117531957323997460e+02
-2.117163478585844132e+02
-2.116626904277019605e+02
-2.116171163458264743e+02
-2.116171163458253375e+02
-2.115733604820978542e+02
-2.115733604820973142e+02
-2.115663784010695849e+02
-2.114383067234397231e+02
-2.114383067234395526e+02
-2.114383064085911030e+02
-2.114304897314718232e+02
-2.114304897314708569e+02
-2.114299038470407197e+02
-2.112643832696853678e+02
-2.112597620433086831e+02
-2.112539595890419832e+02
-2.112539595890416990e+02
-2.112506497214636738e+02
-2.112506497214631906e+02
-2.109324901018441949e+02

N=9, t_perp=0.100 
-2.164123028708531820e+02
-2.164119765195062541e+02
-2.164119765194981255e+02
-2.141542376096223848e+02
-2.141516116905276306e+02
-2.141516116905270621e+02
-2.141385844162034005e+02
-2.141385844162032015e+02
-2.141300563031473132e+02
-2.140087785961385407e+02
-2.140065912546124878e+02
-2.140029296419711216e+02
-2.140029296419707805e+02
-2.140003906927802575e+02
-2.140003906927794901e+02
-2.138367151011804879e+02
-2.138305643130713634e+02
-2.138305643130706528e+02
-2.138062625175380163e+02
-2.138062625175377320e+02
-2.137667813736720461e+02
-2.137641282747044613e+02
-2.137274666585145724e+02
-2.137274666585131229e+02
-2.136940020111873935e+02
-2.136940020111851197e+02
-2.136788590402986756e+02
-2.136351170001796334e+02
-2.136284230636703398e+02
-2.136284230636698851e+02
-2.136175252108817233e+02
-2.136175252108814959e+02
-2.136168173921386710e+02
-2.134179391145898421e+02
-2.134179391145897284e+02
-2.134175225195058943e+02
-2.134170478327887679e+02
-2.134170478327887110e+02
-2.134159742249544536e+02
-2.133130553069740927e+02

N=10, t_perp=0.100 
-2.184563272980807653e+02
-2.184561266341673331e+02
-2.184561266341571582e+02
-2.162014297321741481e+02
-2.161950420669616904e+02
-2.161950420669588766e+02
-2.161814254705877545e+02
-2.161814254705863902e+02
-2.161750219987082744e+02
-2.160519762555630336e+02
-2.160498954505117695e+02
-2.160498954505111442e+02
-2.160443493337483289e+02
-2.160443493337465952e+02
-2.160415060186243750e+02
-2.159301544719847641e+02
-2.159105963918465534e+02
-2.159105963918447060e+02
-2.158671244174006745e+02
-2.158671244173976334e+02
-2.158389036305158584e+02
-2.157887564413755683e+02
-2.157795600004097878e+02
-2.157795600004082530e+02
-2.157675476718605694e+02
-2.157675476718604273e+02
-2.157624242220517203e+02
-2.157256208363184555e+02
-2.157191205841897101e+02
-2.157191205841887154e+02
-2.157083147309858475e+02
-2.157083147309854212e+02
-2.157023931471792082e+02
-2.156776284643366068e+02
-2.156587735483101085e+02
-2.156587735483099664e+02
-2.156226063453474922e+02
-2.156226063453449058e+02
-2.156051926077154519e+02
-2.154240133494579652e+02

N=11, t_perp=0.100 
-2.205003085651979404e+02
-2.205003085651851222e+02
-2.205002883523685284e+02
-2.182393666283108189e+02
-2.182365073383149650e+02
-2.182365073383130039e+02
-2.182294016009497852e+02
-2.182294016009462894e+02
-2.182253587245909046e+02
-2.180996012517238114e+02
-2.180949463152848011e+02
-2.180949463152842327e+02
-2.180865864381181325e+02
-2.180865864381172798e+02
-2.180826132907840531e+02
-2.179753278927515225e+02
-2.179663192066768147e+02
-2.179663192066749389e+02
-2.179410737155390336e+02
-2.179410737155333777e+02
-2.179144287195317418e+02
-2.178795935369168717e+02
-2.178475893283070945e+02
-2.178475893283020639e+02
-2.178114217136999002e+02
-2.178114217136996160e+02
-2.177976493116659924e+02
-2.177958663728742863e+02
-2.177934264483735944e+02
-2.177934264483734808e+02
-2.177893136981791145e+02
-2.177893136981785744e+02
-2.177868118046954464e+02
-2.177584799271276097e+02
-2.177516633273268667e+02
-2.177516633273264688e+02
-2.177324423978730863e+02
-2.177324423978718357e+02
-2.177156998459167880e+02
-2.176631016635169544e+02

N=12, t_perp=0.100 
-2.225444163481089959e+02
-2.225444070310234110e+02
-2.225444070310045390e+02
-2.202799938331899625e+02
-2.202786661039683906e+02
-2.202786661039572493e+02
-2.202754278000260229e+02
-2.202754278000157626e+02
-2.202735806133504752e+02
-2.201390748564834894e+02
-2.201370410503488131e+02
-2.201370410503473067e+02
-2.201342654905156735e+02
-2.201342654905156451e+02
-2.201334259668310267e+02
-2.200206738500126562e+02
-2.200157804619898911e+02
-2.200157804619882711e+02
-2.200001233486691774e+02
-2.200001233486669605e+02
-2.199820612880500050e+02
-2.199516873891480486e+02
-2.199234587233987384e+02
-2.199234587233970899e+02
-2.198784341421437034e+02
-2.198784341421413728e+02
-2.198453993330915637e+02
-2.198453245878627911e+02
-2.198428319820351646e+02
-2.198428319820348236e+02
-2.198369677816450007e+02
-2.198369677816431818e+02
-2.198286614846744271e+02
-2.198264518733980992e+02
-2.198264518733971045e+02
-2.198245124080897313e+02
-2.198232953557558176e+02
-2.198232953557552776e+02
-2.198217314040549297e+02
-2.198148569830541419e+02

