N=5, t_perp=0.100 
-2.082175027611172879e+02
-2.082175027611171743e+02
-2.082151580544659737e+02
-2.058823373629159619e+02
-2.058593995971870072e+02
-2.058593995971860693e+02
-2.058017425636408575e+02
-2.057816224061126889e+02
-2.057816224061124046e+02
-2.056637599358041939e+02
-2.056637599358028865e+02
-2.056423772919321777e+02
-2.056332444736359264e+02
-2.056332444736356138e+02
-2.055830949947223587e+02
-2.050119639365831290e+02
-2.049345488177179675e+02
-2.049238945855233283e+02
-2.049238945855226177e+02
-2.048925320903163652e+02
-2.048925320903158251e+02
-2.047621015330903163e+02
-2.047596453189592012e+02
-2.047596453189586043e+02
-2.046609412886013502e+02
-2.046609412886013217e+02
-2.045740593622259382e+02
-2.036054394037871305e+02
-2.036054394037865904e+02
-2.035949418634603205e+02
-2.033934983188133572e+02
-2.033043413652959259e+02
-2.033043413652949880e+02
-2.031002060769453976e+02
-2.031002060769442039e+02
-2.030734381477000454e+02
-2.028870708822373956e+02
-2.028870708822355766e+02
-2.028739715910006112e+02
-2.028322192281109722e+02

N=6, t_perp=0.100 
-2.102627539847799198e+02
-2.102553428976405598e+02
-2.102553428976397072e+02
-2.079056466931741625e+02
-2.079056466931734519e+02
-2.078492384659794538e+02
-2.078217356689980875e+02
-2.078217356689970643e+02
-2.077839411203601685e+02
-2.077732434461941295e+02
-2.077369076206547049e+02
-2.077369076206542502e+02
-2.077357360340907064e+02
-2.077357360340901948e+02
-2.077312124802172946e+02
-2.074719546436059261e+02
-2.074242202302814917e+02
-2.074242202302810369e+02
-2.073084762224604560e+02
-2.073084762224587507e+02
-2.072527167715654173e+02
-2.069831288995877685e+02
-2.069792269608243203e+02
-2.069792269608236666e+02
-2.069778093226312592e+02
-2.069725413427976264e+02
-2.069725413427974559e+02
-2.068006170021110961e+02
-2.067520329093257772e+02
-2.067520329093257487e+02
-2.066853790528874981e+02
-2.066853790528870718e+02
-2.066697498031819578e+02
-2.057238030615041282e+02
-2.057238030615027355e+02
-2.056579861916127641e+02
-2.056373672104758725e+02
-2.055797734422695555e+02
-2.055797734422688166e+02
-2.053887890059929191e+02

N=7, t_perp=0.100 
-2.123003129218462277e+02
-2.122983860187842708e+02
-2.122983860187815424e+02
-2.099196700934628836e+02
-2.099196700934619173e+02
-2.099090035983514611e+02
-2.098740521714589988e+02
-2.098740521714564977e+02
-2.098414115732378207e+02
-2.098011723901145444e+02
-2.097967326222665463e+02
-2.097853586289743077e+02
-2.097853586289735688e+02
-2.097841715183199653e+02
-2.097841715183191127e+02
-2.096154405980774982e+02
-2.095841372936516223e+02
-2.095841372936514233e+02
-2.094926797491291950e+02
-2.094926797491288823e+02
-2.094269212305436554e+02
-2.093713683959682612e+02
-2.093332055445596609e+02
-2.093332055445593483e+02
-2.092950928215111617e+02
-2.092950928215107353e+02
-2.092898625196075955e+02
-2.090528272881565499e+02
-2.090294508380759453e+02
-2.090294508380753484e+02
-2.089877965450234854e+02
-2.089877965450233717e+02
-2.089646385015656449e+02
-2.088140133558356979e+02
-2.087859949632975258e+02
-2.087859949632959058e+02
-2.087401910091004424e+02
-2.087401910091004140e+02
-2.087182384620122946e+02
-2.077752791721224526e+02

N=8, t_perp=0.100 
-2.143402535016514889e+02
-2.143402535016476804e+02
-2.143402194373407212e+02
-2.119378081187939529e+02
-2.119322055310588269e+02
-2.119322055310588269e+02
-2.119067341184465647e+02
-2.119067341184461384e+02
-2.119047555943820385e+02
-2.118716554038140885e+02
-2.118696946227340447e+02
-2.118696946227338174e+02
-2.118467744896949227e+02
-2.118467744896936438e+02
-2.118380524089567700e+02
-2.116403786703476726e+02
-2.116303911506123541e+02
-2.116303911506121267e+02
-2.115994853867376548e+02
-2.115994853867368874e+02
-2.115622668492495961e+02
-2.115427262156863435e+02
-2.114990025894163352e+02
-2.114990025894162216e+02
-2.114517587615469267e+02
-2.114517587615463015e+02
-2.114318704002178606e+02
-2.113553528376130544e+02
-2.113370912416206977e+02
-2.113370912416195893e+02
-2.113108854483162133e+02
-2.113108854483153891e+02
-2.112970690764052790e+02
-2.110579091742074809e+02
-2.110452840973865136e+02
-2.110452840973858031e+02
-2.110293012668310553e+02
-2.110293012668307142e+02
-2.110255933445938012e+02
-2.108259397902242824e+02

N=9, t_perp=0.100 
-2.163816522354472340e+02
-2.163813584556436922e+02
-2.163813584556367289e+02
-2.139709758079245887e+02
-2.139679304300736646e+02
-2.139679304300724141e+02
-2.139495858757191513e+02
-2.139495858757182987e+02
-2.139319864011276877e+02
-2.139204504431320970e+02
-2.139105576177906300e+02
-2.139105576177892942e+02
-2.139058017278448176e+02
-2.139051959983708002e+02
-2.139051959983703171e+02
-2.137104959070694008e+02
-2.136957724971894095e+02
-2.136957724971878747e+02
-2.136610803301176418e+02
-2.136610803301170449e+02
-2.136292834170861852e+02
-2.136088662762862214e+02
-2.135815019582854291e+02
-2.135815019582853438e+02
-2.135545241949327533e+02
-2.135545241949314743e+02
-2.135442564459553125e+02
-2.135077285905740041e+02
-2.135028194699308983e+02
-2.135028194699299320e+02
-2.134921033539738175e+02
-2.134921033539734765e+02
-2.134842674590342142e+02
-2.133445199968819566e+02
-2.133291714643765715e+02
-2.133291714643760031e+02
-2.133001368866227381e+02
-2.133001368866224823e+02
-2.132868810633811734e+02
-2.130874959939835946e+02

N=10, t_perp=0.100 
-2.184227427703914657e+02
-2.184226350727429633e+02
-2.184226350727350052e+02
-2.160108679753476224e+02
-2.160069934575197408e+02
-2.160069934575184334e+02
-2.159925825275046520e+02
-2.159925825275041973e+02
-2.159793883136420334e+02
-2.159593639126401854e+02
-2.159517076914963525e+02
-2.159517076914946472e+02
-2.159482472545698499e+02
-2.159477700780736029e+02
-2.159477700780732050e+02
-2.157865927653067786e+02
-2.157721155718730017e+02
-2.157721155718726607e+02
-2.157369069746462742e+02
-2.157369069746449384e+02
-2.157120358986112478e+02
-2.156407720822129761e+02
-2.156284268373787256e+02
-2.156284268373785267e+02
-2.156165177810314617e+02
-2.156165177810311206e+02
-2.156133561542188772e+02
-2.155786309788139192e+02
-2.155775179120091138e+02
-2.155775179120067548e+02
-2.155735865155926376e+02
-2.155735865155901081e+02
-2.155632270742562184e+02
-2.155609138287391033e+02
-2.155358263591446644e+02
-2.155358263591441528e+02
-2.154996136308052712e+02
-2.154996136308046175e+02
-2.154810897409485335e+02
-2.153415743313394159e+02

N=11, t_perp=0.100 
-2.204638881041838374e+02
-2.204638843290653085e+02
-2.204638843290541388e+02
-2.180482160505954710e+02
-2.180443262309878776e+02
-2.180443262309855754e+02
-2.180342158706666567e+02
-2.180342158706647524e+02
-2.180269200213554370e+02
-2.180052816133164697e+02
-2.179987013632097046e+02
-2.179987013632085393e+02
-2.179900108056966985e+02
-2.179900108056965564e+02
-2.179866630172191719e+02
-2.178361536888219803e+02
-2.178277833098345582e+02
-2.178277833098343876e+02
-2.178054850720689331e+02
-2.178054850720683078e+02
-2.177865240625315550e+02
-2.177287644999771032e+02
-2.177027854382579903e+02
-2.177027854382556598e+02
-2.176637461562377780e+02
-2.176637461562377496e+02
-2.176480313995426741e+02
-2.176369562661730299e+02
-2.176369562661710404e+02
-2.176368414260088286e+02
-2.176368414260085444e+02
-2.176367505384740468e+02
-2.176364161884576163e+02
-2.176176016556135551e+02
-2.176174483095909409e+02
-2.176174483095900030e+02
-2.176133354763091745e+02
-2.176133354763068155e+02
-2.176012821480221078e+02
-2.175546063882223962e+02

N=12, t_perp=0.100 
-2.225051079726972887e+02
-2.225050963216714024e+02
-2.225050963216547757e+02
-2.200861789427004283e+02
-2.200835287494331851e+02
-2.200835287494324177e+02
-2.200769585235439081e+02
-2.200769585235425154e+02
-2.200727522560353577e+02
-2.200422371752636650e+02
-2.200391604772076448e+02
-2.200391604772054563e+02
-2.200346657078056580e+02
-2.200346657078047770e+02
-2.200329132752131898e+02
-2.198889966145026733e+02
-2.198821383200770185e+02
-2.198821383200757111e+02
-2.198649623605636805e+02
-2.198649623605630552e+02
-2.198522384257944680e+02
-2.197907198140133289e+02
-2.197718657816958796e+02
-2.197718657816910195e+02
-2.197358200960330521e+02
-2.197358200960276520e+02
-2.197017833440594075e+02
-2.196980767758904562e+02
-2.196854372013500267e+02
-2.196854372013464740e+02
-2.196823330590484602e+02
-2.196823330590405874e+02
-2.196808778028797065e+02
-2.196758483853013217e+02
-2.196752944464482198e+02
-2.196752944464454629e+02
-2.196748270208068732e+02
-2.196748270208048837e+02
-2.196731865704448978e+02
-2.196690185360142209e+02

