N=5, t_perp=0.100 
-2.089619443712471423e+02
-2.089619443712470286e+02
-2.088889531573773581e+02
-2.078295986056662343e+02
-2.076841524901064133e+02
-2.076841524901045659e+02
-2.070677068639125764e+02
-2.070616813887241392e+02
-2.070616813887241108e+02
-2.069050430829225888e+02
-2.069050430829224467e+02
-2.068569429950640313e+02
-2.067585551272426301e+02
-2.067585551272420048e+02
-2.067284574834423836e+02
-2.056330445955213122e+02
-2.056247026939501268e+02
-2.055962993282907689e+02
-2.055962993282899447e+02
-2.052882719721619651e+02
-2.052882719721609135e+02
-2.051656668632897720e+02
-2.051656668632886067e+02
-2.050898838562708590e+02
-2.050598144163033112e+02
-2.050345251902213306e+02
-2.050345251902196537e+02
-2.049935560339142739e+02
-2.049935560339141318e+02
-2.048902725703421481e+02
-2.046790851393043340e+02
-2.046790851393040782e+02
-2.046043306959082031e+02
-2.045827775750610158e+02
-2.045561646970677714e+02
-2.045561646970667482e+02
-2.041625944707334384e+02
-2.041625944707329836e+02
-2.040561262846569548e+02
-2.040561262846569264e+02

N=6, t_perp=0.100 
-2.112264608117907869e+02
-2.110012798575163799e+02
-2.110012798575160105e+02
-2.102093736917770457e+02
-2.102093736917703382e+02
-2.094633879760351363e+02
-2.094061036868100132e+02
-2.093886358213290748e+02
-2.093692784880086037e+02
-2.093692784880082911e+02
-2.091255874150845386e+02
-2.091255874150840839e+02
-2.091177130840390248e+02
-2.091163187748279597e+02
-2.091163187748279029e+02
-2.088289975076972382e+02
-2.088140175884801124e+02
-2.088140175884794303e+02
-2.082618909812812262e+02
-2.082618909812791799e+02
-2.080162290204744977e+02
-2.079512121993898290e+02
-2.079255818020839683e+02
-2.079255818020836273e+02
-2.078638165228764194e+02
-2.078512784308959169e+02
-2.076614939355371234e+02
-2.076614939355356171e+02
-2.076072364596739135e+02
-2.076072364596731745e+02
-2.074583996581681333e+02
-2.074583996581671670e+02
-2.074370544649953843e+02
-2.074351361114666190e+02
-2.074351361114646863e+02
-2.073385359702804749e+02
-2.072515255877396783e+02
-2.072451368625451380e+02
-2.070990946147479406e+02
-2.070990946147475427e+02

N=7, t_perp=0.100 
-2.133133467305094371e+02
-2.132261359175669497e+02
-2.132261359175659834e+02
-2.122896157991428083e+02
-2.122896157991372945e+02
-2.119719381079858067e+02
-2.117824270875032937e+02
-2.116911222494025537e+02
-2.116911222494015021e+02
-2.115294633215848705e+02
-2.114456067004782369e+02
-2.114456067004770432e+02
-2.113916282786380805e+02
-2.113916282786376826e+02
-2.113883533997526172e+02
-2.111892551283040689e+02
-2.111892551283031025e+02
-2.110801720776221373e+02
-2.108284342732693233e+02
-2.107804745766842132e+02
-2.107804745766837868e+02
-2.106570624238436267e+02
-2.105985869112699334e+02
-2.105985869112686260e+02
-2.104131343523455655e+02
-2.103834123364175355e+02
-2.103780096873560979e+02
-2.103780096873555294e+02
-2.103131092037013730e+02
-2.103131092037012024e+02
-2.100326847355269990e+02
-2.100168746056376108e+02
-2.100168746056372129e+02
-2.099515650176037411e+02
-2.099119819400138169e+02
-2.099119819400118558e+02
-2.098233680507426868e+02
-2.098214295446016422e+02
-2.098214295446008464e+02
-2.097326759145373103e+02

N=8, t_perp=0.100 
-2.154308601781243908e+02
-2.154308601781228560e+02
-2.154073496197659949e+02
-2.143955717339332523e+02
-2.143350440977969242e+02
-2.143350440977938547e+02
-2.139882963162683893e+02
-2.139098751685556579e+02
-2.139098751685548905e+02
-2.138761225008442182e+02
-2.138761225008431950e+02
-2.137406708841352838e+02
-2.137184821935715604e+02
-2.137184821935697983e+02
-2.137179730643352968e+02
-2.133727815310191431e+02
-2.132856206914961206e+02
-2.132856206914952679e+02
-2.132140962258826562e+02
-2.132140962258823436e+02
-2.131696132378709763e+02
-2.129778643328444048e+02
-2.129778643328427563e+02
-2.128732744653850943e+02
-2.128613737213156867e+02
-2.128546922140548929e+02
-2.127973069720436570e+02
-2.127973069720426338e+02
-2.127374200229793644e+02
-2.127374200229790233e+02
-2.126719858410244228e+02
-2.126719858410237975e+02
-2.126609669958548920e+02
-2.126340019234981753e+02
-2.126340019234972374e+02
-2.125973216994524080e+02
-2.124159661417557743e+02
-2.123403324395577840e+02
-2.123403324395565335e+02
-2.122402632589590610e+02

N=9, t_perp=0.100 
-2.176303986317869885e+02
-2.175650100992565115e+02
-2.175650100992546641e+02
-2.166086151472512427e+02
-2.166086151472416077e+02
-2.162314117139432028e+02
-2.162249009562664810e+02
-2.161624472596187729e+02
-2.161624472596166129e+02
-2.161214504218239085e+02
-2.160031910730244817e+02
-2.159878926999582802e+02
-2.159878926999554380e+02
-2.159847460533695482e+02
-2.159847460533666492e+02
-2.157624498654802778e+02
-2.157221993697542644e+02
-2.157221993697508253e+02
-2.154278086772351060e+02
-2.154278086772306722e+02
-2.153408066691639533e+02
-2.152475486101322701e+02
-2.152475486101319291e+02
-2.152413907019544013e+02
-2.151879559836648070e+02
-2.151553069724511431e+02
-2.151553069724507168e+02
-2.151479856921255873e+02
-2.151240137095468867e+02
-2.151240137095460341e+02
-2.150571348632390425e+02
-2.150118995826761079e+02
-2.150118995826753405e+02
-2.150009976439511661e+02
-2.149850633643247022e+02
-2.149850633643245033e+02
-2.148741921534692381e+02
-2.148507865260245069e+02
-2.148507865260240806e+02
-2.147636636987579948e+02

N=10, t_perp=0.100 
-2.197785231644434418e+02
-2.197428209602969105e+02
-2.197428209602931304e+02
-2.187283011345544139e+02
-2.187283011345450632e+02
-2.184847619347547720e+02
-2.184463414424766086e+02
-2.183808790244538329e+02
-2.183808790244528950e+02
-2.182888112161556649e+02
-2.182268855595451384e+02
-2.182168806287223788e+02
-2.182168806287210998e+02
-2.182078352937221837e+02
-2.182078352937202226e+02
-2.180097680893669860e+02
-2.179925546465911737e+02
-2.179925546465890420e+02
-2.177404099499851782e+02
-2.177404099499827055e+02
-2.176607458756645883e+02
-2.175298053497247679e+02
-2.175006584144070416e+02
-2.175006584144064448e+02
-2.174512748970610687e+02
-2.174343142524360530e+02
-2.174343142524359678e+02
-2.174071614928579947e+02
-2.174015670688640114e+02
-2.174015670688630735e+02
-2.173535729924925590e+02
-2.173535729924924169e+02
-2.173085265162208941e+02
-2.173046172016893536e+02
-2.172953461238611794e+02
-2.172780149581341220e+02
-2.172780149581335536e+02
-2.171995312787194905e+02
-2.171995312787180978e+02
-2.170965881220754738e+02

N=11, t_perp=0.100 
-2.219242449089541651e+02
-2.219242449089495892e+02
-2.219186382003095730e+02
-2.208130119880456448e+02
-2.208038781032205122e+02
-2.208038781032163058e+02
-2.206298800345056748e+02
-2.205574544823262499e+02
-2.205574544823250562e+02
-2.205320253410584428e+02
-2.205320253410574765e+02
-2.204657974499378383e+02
-2.204202645791069983e+02
-2.204202645791067710e+02
-2.203935216565923838e+02
-2.201671867489948511e+02
-2.200972603709190594e+02
-2.200972603709182067e+02
-2.200887063980138976e+02
-2.200887063980133860e+02
-2.200545972567205411e+02
-2.198003917394188136e+02
-2.198003917394175346e+02
-2.197583887382618570e+02
-2.197410720043086769e+02
-2.197091929532694223e+02
-2.196941420991724385e+02
-2.196941420991716711e+02
-2.196876352747168823e+02
-2.196876352747152055e+02
-2.196369557689567387e+02
-2.196369557689565113e+02
-2.196190089630281648e+02
-2.195321481011911260e+02
-2.195321481011908702e+02
-2.195123940318559903e+02
-2.194329341372979059e+02
-2.194329341372961153e+02
-2.194314928256203245e+02
-2.194314928256183066e+02

N=12, t_perp=0.100 
-2.241011829853305244e+02
-2.240836494906947962e+02
-2.240836494906944836e+02
-2.229990810593128288e+02
-2.229990810592981916e+02
-2.228199104948739091e+02
-2.228018168679010103e+02
-2.227701966289171196e+02
-2.227701966289164091e+02
-2.227043998598587109e+02
-2.226780524273956701e+02
-2.226487862488933729e+02
-2.226487862488909855e+02
-2.226466899343435841e+02
-2.226466899343395767e+02
-2.224478904688939167e+02
-2.224109770845563219e+02
-2.224109770845519165e+02
-2.222474314065994747e+02
-2.222474314065914029e+02
-2.221774687663725842e+02
-2.220463587865701811e+02
-2.220463587865682200e+02
-2.220389896716643250e+02
-2.220166986475845761e+02
-2.219949435160007738e+02
-2.219949435159984432e+02
-2.219655303925282794e+02
-2.219612276029120892e+02
-2.219612276029094176e+02
-2.219319370263453379e+02
-2.218964144003298600e+02
-2.218964144003291779e+02
-2.217882321756219142e+02
-2.217882321756217436e+02
-2.217486836681922284e+02
-2.217430784270584070e+02
-2.216931075864931699e+02
-2.216931075864913510e+02
-2.216818428389723579e+02

