N=5, t_perp=0.100 
-2.084308936476119811e+02
-2.084308936476108443e+02
-2.083987490474666515e+02
-2.066084978460130799e+02
-2.065743295516829221e+02
-2.065743295516820410e+02
-2.063876481764249036e+02
-2.063876481764234541e+02
-2.063372683746455891e+02
-2.061577807034089460e+02
-2.061577807034079513e+02
-2.061567459711424419e+02
-2.061344219308599577e+02
-2.061011920763822332e+02
-2.061011920763819489e+02
-2.055101201954119574e+02
-2.053538552574416371e+02
-2.053398446018314019e+02
-2.053398446018307482e+02
-2.051697682958321707e+02
-2.051697682958317728e+02
-2.051217188047658624e+02
-2.050263689497489565e+02
-2.050263689497484165e+02
-2.048845501978067034e+02
-2.048845501978057086e+02
-2.046957381233377191e+02
-2.044496022399256674e+02
-2.044496022399252126e+02
-2.042673093198653760e+02
-2.042502172614749725e+02
-2.042502172614747167e+02
-2.041082613433552808e+02
-2.039441743569359176e+02
-2.039441743569355197e+02
-2.039339204900521167e+02
-2.038057721153271302e+02
-2.038057721153271018e+02
-2.037882303104469202e+02
-2.034640972211851704e+02

N=6, t_perp=0.100 
-2.105224597996362945e+02
-2.104838651944616572e+02
-2.104838651944608614e+02
-2.086831364295570950e+02
-2.086831364295525759e+02
-2.085307618666793132e+02
-2.084435660196837432e+02
-2.084399676629562066e+02
-2.084399676629544444e+02
-2.083603503955827136e+02
-2.083517488871556509e+02
-2.083496267283444752e+02
-2.083496267283437930e+02
-2.082703975265950191e+02
-2.082703975265941381e+02
-2.079694832955770778e+02
-2.079617638534191428e+02
-2.079617638534186881e+02
-2.077383839759731359e+02
-2.077383839759724253e+02
-2.075705579603352362e+02
-2.075333885178210380e+02
-2.074417271584066214e+02
-2.074417271584053424e+02
-2.072812100103393220e+02
-2.072812100103388104e+02
-2.072082182119330014e+02
-2.071476880888938865e+02
-2.071469186805201446e+02
-2.071469186805201446e+02
-2.070001988770958405e+02
-2.070001988770937089e+02
-2.067511988879920750e+02
-2.067504141503257813e+02
-2.067162042491460454e+02
-2.067162042491447664e+02
-2.066608377019402667e+02
-2.065190206170643137e+02
-2.065190206170635747e+02
-2.064223905325230817e+02

N=7, t_perp=0.100 
-2.125839760160786511e+02
-2.125703301920618173e+02
-2.125703301920605952e+02
-2.107135878800781370e+02
-2.107135878800741580e+02
-2.106670539440822552e+02
-2.105373181119938124e+02
-2.105373181119933861e+02
-2.105032432645589608e+02
-2.104467358540614441e+02
-2.104360554209441716e+02
-2.104210504369760031e+02
-2.104210504369755768e+02
-2.104095224390246983e+02
-2.104095224390242720e+02
-2.102449309797033266e+02
-2.102152368056604814e+02
-2.102152368056588614e+02
-2.099880785821965787e+02
-2.099880785821961808e+02
-2.098897441688681056e+02
-2.098512154601890245e+02
-2.098171329692939366e+02
-2.098171329692935387e+02
-2.097984619951210732e+02
-2.097934312387623095e+02
-2.097934312387622242e+02
-2.095072267563730293e+02
-2.094759491001127856e+02
-2.094759491001111087e+02
-2.093826259208837257e+02
-2.093826259208836120e+02
-2.092980041168565606e+02
-2.091781663838546876e+02
-2.091781663838546308e+02
-2.091570218130195542e+02
-2.090399500813472855e+02
-2.090248666091066525e+02
-2.090248666091063114e+02
-2.089099422980036138e+02

N=8, t_perp=0.100 
-2.146540881173339130e+02
-2.146540881173303887e+02
-2.146506101671584759e+02
-2.127289447508292426e+02
-2.127289447508286742e+02
-2.126948384992466288e+02
-2.126669936337759736e+02
-2.126626281343123708e+02
-2.126626281343112339e+02
-2.126070000314382469e+02
-2.125600570868521970e+02
-2.125600570868518275e+02
-2.124925095893537730e+02
-2.124925095893530909e+02
-2.124678177833850441e+02
-2.122656825092097961e+02
-2.122656825092082897e+02
-2.122567915520338317e+02
-2.122567915520330644e+02
-2.122547435945442658e+02
-2.122525930640541958e+02
-2.120747914674489039e+02
-2.120382756521934198e+02
-2.120382756521926524e+02
-2.119540530091684047e+02
-2.119540530091683479e+02
-2.119519583892056005e+02
-2.118845735360031028e+02
-2.118504099041222162e+02
-2.118504099041218183e+02
-2.118336609840536937e+02
-2.118336609840532105e+02
-2.118223900466512077e+02
-2.115072058110727369e+02
-2.115025420780504248e+02
-2.114805263767025565e+02
-2.114805263767018744e+02
-2.114665200870331319e+02
-2.114665200870318245e+02
-2.112580171285947586e+02

N=9, t_perp=0.100 
-2.167331101430952174e+02
-2.167299007140935601e+02
-2.167299007140912011e+02
-2.147953380805357142e+02
-2.147953380805349752e+02
-2.147801717805763531e+02
-2.147429675776651834e+02
-2.147429675776643023e+02
-2.147152658382209722e+02
-2.146579023345425412e+02
-2.146436313559536870e+02
-2.146348418907705309e+02
-2.146348418907685414e+02
-2.146173203065813766e+02
-2.146173203065798702e+02
-2.143932157871889501e+02
-2.143818561127257851e+02
-2.143818561127243072e+02
-2.143204158250243268e+02
-2.143204158250239857e+02
-2.142691024705381437e+02
-2.142389878850397054e+02
-2.142300194291116213e+02
-2.142300194291110245e+02
-2.141954677683876298e+02
-2.141954677683867772e+02
-2.141920967312543951e+02
-2.140904536875852386e+02
-2.140726882158947433e+02
-2.140726882158946296e+02
-2.140425643526299382e+02
-2.140425643526281760e+02
-2.140381562343376345e+02
-2.138701416662544545e+02
-2.138613006307294597e+02
-2.138613006307289766e+02
-2.138141134472750764e+02
-2.138141134472745080e+02
-2.137879585114502845e+02
-2.135979471922393884e+02

N=10, t_perp=0.100 
-2.188102647209326221e+02
-2.188084136960113142e+02
-2.188084136960017361e+02
-2.168708272413255713e+02
-2.168653565319388861e+02
-2.168653565319385450e+02
-2.168190396065239440e+02
-2.168190396065238019e+02
-2.167962061028948710e+02
-2.167228025832366427e+02
-2.167174028596257926e+02
-2.167174028596229221e+02
-2.167051374602306737e+02
-2.167029421739991903e+02
-2.167029421739989061e+02
-2.165763567415767454e+02
-2.165329489979918378e+02
-2.165329489979916957e+02
-2.164258668303253330e+02
-2.164258668303250204e+02
-2.163507227223459211e+02
-2.163061825991954947e+02
-2.162955275400910864e+02
-2.162955275400896653e+02
-2.162780489948762579e+02
-2.162735059338224914e+02
-2.162735059338222356e+02
-2.162642347004656358e+02
-2.162642347004656074e+02
-2.162639557253245641e+02
-2.162593367585785984e+02
-2.162593367585780300e+02
-2.162474572159624131e+02
-2.161955269790358329e+02
-2.161386091949610488e+02
-2.161386091949607362e+02
-2.160408604189432253e+02
-2.160408604189404969e+02
-2.159899527811888618e+02
-2.158860023690617425e+02

N=11, t_perp=0.100 
-2.208871953062603097e+02
-2.208871953062494526e+02
-2.208868908276224943e+02
-2.189326911514039011e+02
-2.189314780307168462e+02
-2.189314780307156809e+02
-2.189094241938031473e+02
-2.189094241938012146e+02
-2.188944730395802480e+02
-2.188307799795446158e+02
-2.188055401100031929e+02
-2.188055401100011181e+02
-2.187754362665294536e+02
-2.187754362665292547e+02
-2.187631824920798351e+02
-2.186101818738253257e+02
-2.186051372293815120e+02
-2.186051372293809720e+02
-2.185832897462966571e+02
-2.185832897462962876e+02
-2.185554745443009779e+02
-2.184885506412785219e+02
-2.184425230780827292e+02
-2.184425230780808533e+02
-2.183859411607306242e+02
-2.183859411607290042e+02
-2.183787562921841356e+02
-2.183326458981007079e+02
-2.183318606602385898e+02
-2.183318606602375951e+02
-2.183293008727901281e+02
-2.183293008727901281e+02
-2.183273283004118070e+02
-2.183047766560912066e+02
-2.183047766560901835e+02
-2.182990048762960669e+02
-2.182850839577317288e+02
-2.182850839577307624e+02
-2.182519779152943329e+02
-2.181710089575615257e+02

N=12, t_perp=0.100 
-2.229653128849857353e+02
-2.229650788417397678e+02
-2.229650788417235105e+02
-2.210062299201016742e+02
-2.210043607503078817e+02
-2.210043607503050112e+02
-2.209908988327248665e+02
-2.209908988327213137e+02
-2.209826974607858006e+02
-2.208819309877428338e+02
-2.208750364387365153e+02
-2.208744826699005159e+02
-2.208744826698985264e+02
-2.208727445577820845e+02
-2.208727445577817434e+02
-2.206977682711259661e+02
-2.206902039798566477e+02
-2.206902039798531518e+02
-2.206622312727309350e+02
-2.206622312727283770e+02
-2.206258100745181423e+02
-2.206084546632538945e+02
-2.205747089942240677e+02
-2.205747089942227319e+02
-2.205405455899215781e+02
-2.205405455899204128e+02
-2.205278153105327021e+02
-2.204883108101987261e+02
-2.204767631071477183e+02
-2.204767631071467520e+02
-2.204505937201272161e+02
-2.204505937201264771e+02
-2.204402620319314678e+02
-2.203720516054100642e+02
-2.203720516054086431e+02
-2.203643630522399519e+02
-2.203643630522375645e+02
-2.203605222349220867e+02
-2.203577987103698206e+02
-2.203435722260339844e+02

