N=5, t_perp=0.100 
-2.095632378585060565e+02
-2.095632378585049764e+02
-2.093192451404218843e+02
-2.085155161707533296e+02
-2.081030827668109566e+02
-2.081030827668106440e+02
-2.079631837435992452e+02
-2.079631837435973125e+02
-2.076664754048394457e+02
-2.076438719084360400e+02
-2.076438719084354716e+02
-2.075344187836080607e+02
-2.075139519412511220e+02
-2.073948196932487349e+02
-2.073233470428507133e+02
-2.073233470428499174e+02
-2.069089880407724706e+02
-2.069089880407722717e+02
-2.068070251192542344e+02
-2.067010749759099610e+02
-2.067010749759091084e+02
-2.063496441581415866e+02
-2.063496441581414729e+02
-2.063190666360574141e+02
-2.060773642436611510e+02
-2.060585260536505814e+02
-2.060585260536490466e+02
-2.057801368515282547e+02
-2.057469490478723344e+02
-2.057469490478718512e+02
-2.054185490976900326e+02
-2.054185490976898905e+02
-2.050825579981819260e+02
-2.050825579981799365e+02
-2.048526602472524303e+02
-2.048480508276893772e+02
-2.048480508276890930e+02
-2.047533294914562418e+02
-2.046246441753108343e+02
-2.046153560145766050e+02

N=6, t_perp=0.100 
-2.119827344039883599e+02
-2.115027384584530523e+02
-2.115027384584459753e+02
-2.109620392423705084e+02
-2.109620392423652504e+02
-2.104857170509125694e+02
-2.104857170509069419e+02
-2.103133556741510404e+02
-2.103007391935461214e+02
-2.101481652970459493e+02
-2.101481652970435050e+02
-2.099686162441541626e+02
-2.098798518675792764e+02
-2.098783432079311240e+02
-2.098783432079293902e+02
-2.095793991786193828e+02
-2.095793991786186439e+02
-2.093738423777118101e+02
-2.092477812646901612e+02
-2.092058942955780196e+02
-2.091644924591509209e+02
-2.091644924591501535e+02
-2.090828736271388095e+02
-2.090828736271387811e+02
-2.089357155341596126e+02
-2.088506813247015259e+02
-2.088506813247012985e+02
-2.087478660036222493e+02
-2.087478660036214819e+02
-2.086421879911336248e+02
-2.086180449671608130e+02
-2.086180449671599888e+02
-2.086088441447908792e+02
-2.085498580790706455e+02
-2.085498580790705034e+02
-2.084976734365499169e+02
-2.084976734365492064e+02
-2.084968667006358203e+02
-2.083136938956688766e+02
-2.081637484649513112e+02

N=7, t_perp=0.100 
-2.141141209451274960e+02
-2.138993998797849088e+02
-2.138993998797805887e+02
-2.132485512887022594e+02
-2.132485512886894128e+02
-2.127985385027018026e+02
-2.127524908466953377e+02
-2.125255193188818623e+02
-2.125255193188812655e+02
-2.125050548586334003e+02
-2.125050548586324624e+02
-2.124003841668024108e+02
-2.123396568851146924e+02
-2.123396568851118502e+02
-2.121621787663241321e+02
-2.121621787663221710e+02
-2.121194126886031199e+02
-2.120017528254510921e+02
-2.119283809976342070e+02
-2.117614826662230314e+02
-2.117261881815005324e+02
-2.117261881815004756e+02
-2.116655325847299025e+02
-2.116655325847277993e+02
-2.116466945231580894e+02
-2.116269247057512928e+02
-2.116269247057507528e+02
-2.113881508433028102e+02
-2.113881508433014176e+02
-2.113847983818868670e+02
-2.113847983818853891e+02
-2.112957459358551660e+02
-2.112915437195373727e+02
-2.112009955733044535e+02
-2.110963058808705739e+02
-2.110963058808682717e+02
-2.110483613635184952e+02
-2.110461891456395165e+02
-2.109507379839352552e+02
-2.109507379839348005e+02

N=8, t_perp=0.100 
-2.162904191055765466e+02
-2.162904191055740455e+02
-2.161337915477175216e+02
-2.155392283184770577e+02
-2.152655166248363514e+02
-2.152655166248249543e+02
-2.150359491950990787e+02
-2.150359491950852941e+02
-2.148360972520073631e+02
-2.148302058381648862e+02
-2.148302058381597419e+02
-2.147910230151670419e+02
-2.147771190746396996e+02
-2.147771190746377670e+02
-2.147435682566652417e+02
-2.146128524266335091e+02
-2.143566005666330625e+02
-2.143566005666293677e+02
-2.143310094129785170e+02
-2.143310094129776644e+02
-2.143084653445647518e+02
-2.142582026939183493e+02
-2.141968777357968179e+02
-2.141968777357946578e+02
-2.140252440037213546e+02
-2.140104048638656593e+02
-2.139971392231931588e+02
-2.139971392231928178e+02
-2.139757320808791974e+02
-2.138205301485354823e+02
-2.138205301485340613e+02
-2.137922180188530774e+02
-2.137720331783027063e+02
-2.137303494317189063e+02
-2.137303494317178547e+02
-2.136600311544725059e+02
-2.136600311544715112e+02
-2.136238399836125836e+02
-2.136238399836121005e+02
-2.135495692627909534e+02

N=9, t_perp=0.100 
-2.186196498027709367e+02
-2.184046250588297369e+02
-2.184046250588236830e+02
-2.178062390377124018e+02
-2.178062390377002941e+02
-2.173716007886013983e+02
-2.173617687253470478e+02
-2.173617687253424435e+02
-2.173483332213778567e+02
-2.172507033367254223e+02
-2.172327199039897607e+02
-2.172327199039873449e+02
-2.170683539961125916e+02
-2.170428333003667376e+02
-2.170428333003626165e+02
-2.167536163120936976e+02
-2.167536163120826700e+02
-2.166947487799465932e+02
-2.166102286727951025e+02
-2.166102286727921751e+02
-2.165987416329929545e+02
-2.165987416329899702e+02
-2.165880357023845875e+02
-2.165581468274588985e+02
-2.165581468274585859e+02
-2.164468611388941781e+02
-2.164369764243087104e+02
-2.164048499842503475e+02
-2.163123459740610883e+02
-2.163123459740585304e+02
-2.162746822194486072e+02
-2.162746822194479250e+02
-2.162534696179983769e+02
-2.161427402606739463e+02
-2.161427402606728947e+02
-2.161330525229921307e+02
-2.161097942771949647e+02
-2.160616508920118122e+02
-2.160616508920097374e+02
-2.160511321997859966e+02

N=10, t_perp=0.100 
-2.208378055501082997e+02
-2.206862050230750185e+02
-2.206862050230708974e+02
-2.200765799107467444e+02
-2.200765799107333294e+02
-2.197569581689016900e+02
-2.196624219066160038e+02
-2.196019541972290199e+02
-2.196019541972273146e+02
-2.195479363762417506e+02
-2.195199739235540051e+02
-2.195199739235507934e+02
-2.193761541586159467e+02
-2.193761541586088981e+02
-2.193027602447371294e+02
-2.193027602447313029e+02
-2.192981091302164032e+02
-2.191884065184247561e+02
-2.190166970345376001e+02
-2.189038934579684792e+02
-2.189038934579636475e+02
-2.188814335766803651e+02
-2.188814335766799672e+02
-2.188135852378465245e+02
-2.188135852378460413e+02
-2.188036826876563907e+02
-2.188036826876554528e+02
-2.188019361492852113e+02
-2.187939573693148816e+02
-2.187471257916805598e+02
-2.187471257916803609e+02
-2.186614260410017323e+02
-2.186210800190027612e+02
-2.185743983215835158e+02
-2.185743983215826916e+02
-2.185739977597764891e+02
-2.185608217574345815e+02
-2.184587824973194472e+02
-2.184587824973189925e+02
-2.184585818448894088e+02

N=11, t_perp=0.100 
-2.230245150841406883e+02
-2.230245150841381019e+02
-2.229445953633649822e+02
-2.223280867569266661e+02
-2.221801355008607572e+02
-2.221801355008441305e+02
-2.219567181776712346e+02
-2.219567181776541815e+02
-2.218747692859470533e+02
-2.218245170781924003e+02
-2.218245170781898139e+02
-2.217959204629076737e+02
-2.217815284529016822e+02
-2.217815284529010853e+02
-2.216769379040215711e+02
-2.215960365337177507e+02
-2.215167675330718566e+02
-2.214388351136993549e+02
-2.214388351136951201e+02
-2.213675429640248637e+02
-2.213675429640235279e+02
-2.213185289237107725e+02
-2.212700559332525074e+02
-2.212700559332492105e+02
-2.211520266997625868e+02
-2.210837995908197797e+02
-2.210837995908173355e+02
-2.210624875707807746e+02
-2.210474757362318883e+02
-2.210474757362297566e+02
-2.210141700010347279e+02
-2.209840055071508687e+02
-2.209840055071495613e+02
-2.209768912853528207e+02
-2.209327825135309524e+02
-2.209276203520672084e+02
-2.209276203520671800e+02
-2.209250807038426103e+02
-2.209250807038422124e+02
-2.208919102429451016e+02

N=12, t_perp=0.100 
-2.253092358410372924e+02
-2.252185171310735257e+02
-2.252185171310684098e+02
-2.245692409295280925e+02
-2.245692409295151037e+02
-2.242746452031856279e+02
-2.242676586444959526e+02
-2.242321396215889138e+02
-2.241792786577932759e+02
-2.241792786577891547e+02
-2.241782059453656757e+02
-2.241782059453632598e+02
-2.240671137872770657e+02
-2.240559118087148534e+02
-2.240559118087098511e+02
-2.237835563454133023e+02
-2.237835563454063958e+02
-2.237803241903086473e+02
-2.237046805113817243e+02
-2.237046805113803316e+02
-2.236484217843928377e+02
-2.236484217843877502e+02
-2.236175352213801659e+02
-2.235977836611210989e+02
-2.235977836611180862e+02
-2.235294818250620779e+02
-2.235222431265648879e+02
-2.234389523646545399e+02
-2.233788743611661118e+02
-2.233788743611620475e+02
-2.233239183736754683e+02
-2.233193703684132458e+02
-2.233193703684125353e+02
-2.233159780906516119e+02
-2.233021672439381291e+02
-2.232793761524545175e+02
-2.232793761524513343e+02
-2.231959544438224441e+02
-2.231959544438223588e+02
-2.231849168486778581e+02

