N=5, t_perp=0.100 
-2.094208068290636788e+02
-2.094208068290633378e+02
-2.092335358124637423e+02
-2.084449948242429400e+02
-2.081554861854362457e+02
-2.081554861854318972e+02
-2.077123718965706018e+02
-2.077123718965689534e+02
-2.074791323968964605e+02
-2.074330149349221415e+02
-2.073379421093749215e+02
-2.073053814307887706e+02
-2.073053814307886853e+02
-2.073030794282767033e+02
-2.073030794282756233e+02
-2.067940574576220456e+02
-2.065722534611690264e+02
-2.065722534611684864e+02
-2.062434475954608217e+02
-2.061802345733830464e+02
-2.061377657210091456e+02
-2.061377657210090888e+02
-2.059211276557760755e+02
-2.059211276557751091e+02
-2.057187411366575986e+02
-2.056737454538514100e+02
-2.056737454538508700e+02
-2.056173121623071438e+02
-2.056173121623065185e+02
-2.054257167918303253e+02
-2.052720609190095047e+02
-2.052720609190070036e+02
-2.049396324245538210e+02
-2.049396324245521441e+02
-2.048597323341417393e+02
-2.048459241223476965e+02
-2.048459241223472702e+02
-2.047435983479753361e+02
-2.046698857038741721e+02
-2.044583679796460274e+02

N=6, t_perp=0.100 
-2.118004402755276203e+02
-2.113817975051887288e+02
-2.113817975051836129e+02
-2.109824883231994477e+02
-2.109824883231941044e+02
-2.101199234760201762e+02
-2.100740325935725252e+02
-2.099904265480480774e+02
-2.099571629224352307e+02
-2.099571629224350033e+02
-2.099324771080247842e+02
-2.099324771080229937e+02
-2.097533958507352168e+02
-2.097376130373253034e+02
-2.097376130373247634e+02
-2.094279339405033511e+02
-2.094279339405012763e+02
-2.092936079231030817e+02
-2.089316009368354798e+02
-2.089215814127341844e+02
-2.089215814127333886e+02
-2.087776710050062547e+02
-2.087015394976245091e+02
-2.087015394976238269e+02
-2.086054745638380439e+02
-2.085755262272607808e+02
-2.085755262272605535e+02
-2.083972448405160094e+02
-2.083972448405149009e+02
-2.083783563346550238e+02
-2.083701174916690206e+02
-2.083701174916688785e+02
-2.082402823137237249e+02
-2.081656108551025284e+02
-2.081452753761069800e+02
-2.081452753761068948e+02
-2.081255642880321943e+02
-2.081013622744223142e+02
-2.081013622744222573e+02
-2.078649984650033673e+02

N=7, t_perp=0.100 
-2.139295079319769002e+02
-2.137397749472784483e+02
-2.137397749472752935e+02
-2.131708094997279659e+02
-2.131708094997149487e+02
-2.127101515359576638e+02
-2.125629794006758289e+02
-2.123676238394987763e+02
-2.123676238394968152e+02
-2.122302198431704596e+02
-2.121585335388702731e+02
-2.121585335388698468e+02
-2.121411185993634660e+02
-2.121411185993632103e+02
-2.120421053596855927e+02
-2.119810838394340919e+02
-2.119810838394332677e+02
-2.117507803248516893e+02
-2.116197205970569257e+02
-2.115419444218970568e+02
-2.114403335388791447e+02
-2.114403335388781784e+02
-2.114016185433798398e+02
-2.114016185433785040e+02
-2.113880745440050646e+02
-2.111906325047583266e+02
-2.111906325047579855e+02
-2.111762522190396396e+02
-2.111762522190382469e+02
-2.109868064792105429e+02
-2.109868064792102871e+02
-2.109515395108558380e+02
-2.108832814346780822e+02
-2.108832814346776843e+02
-2.108651862229805261e+02
-2.107520246229283316e+02
-2.107202870561814336e+02
-2.106622848542850477e+02
-2.106183212031936591e+02
-2.106183212031933465e+02

N=8, t_perp=0.100 
-2.160835196819972168e+02
-2.160835196819955968e+02
-2.159661097954666786e+02
-2.154423001590053843e+02
-2.152490235922232671e+02
-2.152490235922159627e+02
-2.147789998872554236e+02
-2.147789998872504214e+02
-2.147529035504032038e+02
-2.146535059718172818e+02
-2.146535059718164291e+02
-2.145783606934110423e+02
-2.145236344848954957e+02
-2.145236344848947283e+02
-2.145172000300743775e+02
-2.141869322332867114e+02
-2.141214956422903128e+02
-2.141214956422896307e+02
-2.140542326019588302e+02
-2.140259730162397318e+02
-2.140259730162377139e+02
-2.138973906611449252e+02
-2.138973906611408324e+02
-2.137705281885249917e+02
-2.137479387008428660e+02
-2.137063820872143367e+02
-2.136463678342307730e+02
-2.136463678342300341e+02
-2.136171714585441066e+02
-2.135984303701285683e+02
-2.135654950531130112e+02
-2.135654950531111922e+02
-2.134476854141691717e+02
-2.134476854141666990e+02
-2.134412425078946001e+02
-2.134412425078934064e+02
-2.133061352041588918e+02
-2.133061352041574708e+02
-2.132194558664793362e+02
-2.132097294110645862e+02

N=9, t_perp=0.100 
-2.183857014603767368e+02
-2.181875103177051187e+02
-2.181875103176964217e+02
-2.177646770787438300e+02
-2.177646770787332287e+02
-2.172285784504228445e+02
-2.171545087632787272e+02
-2.170847897029933335e+02
-2.170491316166423701e+02
-2.170491316166374247e+02
-2.169455824822239549e+02
-2.169455824822237560e+02
-2.169041511175756227e+02
-2.168927997537352041e+02
-2.168927997537316230e+02
-2.166042606641718749e+02
-2.166042606641658494e+02
-2.165378889146038830e+02
-2.162843635205788360e+02
-2.162843635205733506e+02
-2.162614294974015650e+02
-2.162614294974011671e+02
-2.162440079431848687e+02
-2.162374141156779785e+02
-2.161494919289247605e+02
-2.161146569804450905e+02
-2.160854886139161977e+02
-2.160854886139156008e+02
-2.160509899667534341e+02
-2.160221557700132564e+02
-2.160221557700131427e+02
-2.159819332016553517e+02
-2.159819332016542148e+02
-2.159009004505055600e+02
-2.159009004505003020e+02
-2.158002241701829291e+02
-2.157806221379940723e+02
-2.157806221379937881e+02
-2.157157997975486978e+02
-2.157128400941159896e+02

N=10, t_perp=0.100 
-2.205862419345866954e+02
-2.204415113504421981e+02
-2.204415113504386738e+02
-2.200002381132959499e+02
-2.200002381132800906e+02
-2.195964457524217721e+02
-2.194959898255600592e+02
-2.193648864133856478e+02
-2.193648864133855341e+02
-2.193175783485410477e+02
-2.192414512303356275e+02
-2.192414512303353149e+02
-2.192008908073547104e+02
-2.192008908073522377e+02
-2.191847131016906189e+02
-2.190331604854541467e+02
-2.190331604854538909e+02
-2.189622682055127711e+02
-2.186687995056343254e+02
-2.186374169179036357e+02
-2.186374169179034652e+02
-2.185955799289139350e+02
-2.185537263493937132e+02
-2.185203261985804772e+02
-2.185203261985786298e+02
-2.184638985483791771e+02
-2.184638985483769318e+02
-2.183948609865775836e+02
-2.183948609865745425e+02
-2.183673283632710422e+02
-2.183632345931993370e+02
-2.183632345931971486e+02
-2.183219227226907719e+02
-2.183176797725460858e+02
-2.183176797725449205e+02
-2.182719731061189634e+02
-2.182391535696937694e+02
-2.182391535696916947e+02
-2.181859726033872846e+02
-2.181585856919317621e+02

N=11, t_perp=0.100 
-2.227492029874018158e+02
-2.227492029873982631e+02
-2.226873073038087227e+02
-2.222082287238769425e+02
-2.220983231693302287e+02
-2.220983231693183200e+02
-2.217175083417113512e+02
-2.216895024234878804e+02
-2.216895024234854645e+02
-2.216310131945076876e+02
-2.216310131945054991e+02
-2.215630888036926649e+02
-2.215037865586554915e+02
-2.215037865586517967e+02
-2.214637808418389682e+02
-2.212906285828117916e+02
-2.211820752106325472e+02
-2.211820752106297334e+02
-2.211136326050527430e+02
-2.211136326050492471e+02
-2.211049913538381020e+02
-2.209336992421383741e+02
-2.209336992421310129e+02
-2.208833643765986210e+02
-2.208453292548843194e+02
-2.208453292548830689e+02
-2.208171228146788394e+02
-2.208051526328765419e+02
-2.206921355744345021e+02
-2.206921355744342463e+02
-2.206848342250968074e+02
-2.206789394445006280e+02
-2.206744942657213926e+02
-2.206744942657203126e+02
-2.206168616262537512e+02
-2.206168616262528985e+02
-2.205647885456716608e+02
-2.205647885456708650e+02
-2.205159988261374906e+02
-2.205159988261361548e+02

N=12, t_perp=0.100 
-2.250139598649689674e+02
-2.249213906011922859e+02
-2.249213906011886195e+02
-2.244690477283322991e+02
-2.244690477283209873e+02
-2.241787719750731469e+02
-2.240268834757828813e+02
-2.239608262953559006e+02
-2.239608262953535416e+02
-2.239412029100091956e+02
-2.238546844814972587e+02
-2.238461810455839611e+02
-2.238461810455723935e+02
-2.238448493508117849e+02
-2.238448493508022352e+02
-2.235805983758488082e+02
-2.235805983758372406e+02
-2.235475533004209865e+02
-2.233677126372480473e+02
-2.233677126372358259e+02
-2.233179968286086989e+02
-2.232615023416861675e+02
-2.232465979718561755e+02
-2.232465979718538165e+02
-2.231862378656621786e+02
-2.231514221748722093e+02
-2.231298351134525433e+02
-2.231298351134495306e+02
-2.231221786613278937e+02
-2.231039517217392643e+02
-2.231039517217373884e+02
-2.230641033278233465e+02
-2.230641033278202485e+02
-2.229864005483364906e+02
-2.229864005483320852e+02
-2.229634652418782821e+02
-2.228705226915478761e+02
-2.228705226915423623e+02
-2.228542966397841383e+02
-2.227909986084247294e+02

