N=5, t_perp=0.100 
-2.089411729306349628e+02
-2.089411729306345933e+02
-2.089010788343265972e+02
-2.076486686898407754e+02
-2.075380327549770243e+02
-2.075380327549757737e+02
-2.069895674022359060e+02
-2.069812724773972832e+02
-2.069812724773969990e+02
-2.068375546633726572e+02
-2.068375546633722877e+02
-2.068106842614187144e+02
-2.066797120580732781e+02
-2.066797120580731928e+02
-2.065976097976322592e+02
-2.054404745775157437e+02
-2.054225106709337183e+02
-2.053261152980158784e+02
-2.053261152980151678e+02
-2.051638107781958240e+02
-2.051638107781944314e+02
-2.051190252444838222e+02
-2.051190252444835949e+02
-2.051090889095129626e+02
-2.050609375256965734e+02
-2.050609375256964313e+02
-2.049624065099932011e+02
-2.049624065099929453e+02
-2.049619382501031453e+02
-2.049102285189112536e+02
-2.044394863510580365e+02
-2.044394863510572975e+02
-2.043970067282432410e+02
-2.043970067282425305e+02
-2.043895552086145244e+02
-2.043641539302143428e+02
-2.039831019779688290e+02
-2.039831019779678343e+02
-2.038816743684587038e+02
-2.038816743684576522e+02

N=6, t_perp=0.100 
-2.112084275567437430e+02
-2.110086675403432253e+02
-2.110086675403418894e+02
-2.100316799746754270e+02
-2.100316799746662753e+02
-2.093415732357895536e+02
-2.093146823266087040e+02
-2.093146823266078229e+02
-2.092768564743741990e+02
-2.092345070424544531e+02
-2.090310283868812746e+02
-2.090310283868804220e+02
-2.089901833759228964e+02
-2.089901833759228396e+02
-2.089847734919092659e+02
-2.087700728258688230e+02
-2.087189310856701070e+02
-2.087189310856699649e+02
-2.081844450781751732e+02
-2.081844450781747753e+02
-2.079351827484041166e+02
-2.077964326501972891e+02
-2.077535383826175348e+02
-2.077535383826174495e+02
-2.076758326073072851e+02
-2.076758326073058640e+02
-2.076524651704660016e+02
-2.076512085982279814e+02
-2.074569228965030447e+02
-2.074569228965024479e+02
-2.074417275046349403e+02
-2.072615028977247391e+02
-2.072565025219971062e+02
-2.072565025219962820e+02
-2.072264479673772257e+02
-2.071900378672633849e+02
-2.071900378672626175e+02
-2.071440010813240633e+02
-2.070022184115528603e+02
-2.068998694097781197e+02

N=7, t_perp=0.100 
-2.132979138408676931e+02
-2.132320863590678641e+02
-2.132320863590658178e+02
-2.120947648743947127e+02
-2.120947648743853904e+02
-2.118297354559835810e+02
-2.116651836706340646e+02
-2.116101599747044872e+02
-2.116101599747006503e+02
-2.114190144774609905e+02
-2.113387658738107007e+02
-2.113387658738091375e+02
-2.112622735544030945e+02
-2.112622735544005366e+02
-2.112515619187411176e+02
-2.110661137857437097e+02
-2.110661137857434255e+02
-2.109689528945807808e+02
-2.107539975447839140e+02
-2.107089422778551295e+02
-2.107089422778543906e+02
-2.105356724233842556e+02
-2.105356724233821240e+02
-2.105093096128122738e+02
-2.103608037595613212e+02
-2.103060751088694076e+02
-2.103060751088684412e+02
-2.101889675504757236e+02
-2.101183510763966922e+02
-2.101183510763965785e+02
-2.098961079326123809e+02
-2.098572343331717605e+02
-2.098572343331711352e+02
-2.098315402565830539e+02
-2.097217776670180456e+02
-2.097217776670171929e+02
-2.096778091631402106e+02
-2.096778091631389316e+02
-2.096375841312079160e+02
-2.096019236858690817e+02

N=8, t_perp=0.100 
-2.154275437923310506e+02
-2.154275437923306242e+02
-2.154172142410164952e+02
-2.141879194453274238e+02
-2.141471877378000670e+02
-2.141471877377928763e+02
-2.138754128229775233e+02
-2.137980688750514560e+02
-2.137980688750514275e+02
-2.137646048761789928e+02
-2.137646048761770601e+02
-2.136304963106217940e+02
-2.136141243505186367e+02
-2.136141243505181819e+02
-2.136027754016675431e+02
-2.132321739739612951e+02
-2.131542485155935935e+02
-2.131542485155922861e+02
-2.130937770710612824e+02
-2.130937770710609698e+02
-2.130796016105594788e+02
-2.128833334055423450e+02
-2.128833334055422029e+02
-2.127915721471021016e+02
-2.127851163876103158e+02
-2.127451970873012215e+02
-2.127451970872986351e+02
-2.127372633429814073e+02
-2.126076612151086067e+02
-2.126076612151072140e+02
-2.126055146560945843e+02
-2.126055146560929927e+02
-2.125189753675027475e+02
-2.124636113514287388e+02
-2.124636113514278009e+02
-2.124496587791504396e+02
-2.122750731170432630e+02
-2.121619569479886707e+02
-2.121619569479857716e+02
-2.120234328610185344e+02

N=9, t_perp=0.100 
-2.176268055908850272e+02
-2.175745005025073624e+02
-2.175745005025063108e+02
-2.164058131280402506e+02
-2.164058131280327757e+02
-2.160937188199658863e+02
-2.160540279891531839e+02
-2.160540279891478690e+02
-2.160355062117158411e+02
-2.159962094585444845e+02
-2.158652811256434063e+02
-2.158610908233755481e+02
-2.158610908233743828e+02
-2.158571935157691541e+02
-2.158571935157678752e+02
-2.156684110586687382e+02
-2.156039099087070383e+02
-2.156039099087062709e+02
-2.153207970566375877e+02
-2.153207970566349445e+02
-2.152063831964347287e+02
-2.151428420244333211e+02
-2.151283362429612396e+02
-2.151283362429610975e+02
-2.150756579512983535e+02
-2.150753976383973907e+02
-2.150753976383950032e+02
-2.150445659835498589e+02
-2.150445659835475567e+02
-2.150231782027636029e+02
-2.149918148112894016e+02
-2.149480908814659870e+02
-2.149480908814648217e+02
-2.148078887941646826e+02
-2.148020287325038851e+02
-2.148020287325021798e+02
-2.147656089292721333e+02
-2.147281357666666679e+02
-2.147281357666662700e+02
-2.146270943751330833e+02

N=10, t_perp=0.100 
-2.197780587900360274e+02
-2.197546000325089040e+02
-2.197546000325086766e+02
-2.185180599979100009e+02
-2.185180599979010765e+02
-2.183196737937096259e+02
-2.183117081038170113e+02
-2.182608435938394109e+02
-2.182608435938385583e+02
-2.181542819263086699e+02
-2.180961167082067789e+02
-2.180961167082060967e+02
-2.180861363609518548e+02
-2.180719502102898844e+02
-2.180719502102891738e+02
-2.178748205155522726e+02
-2.178544834749332892e+02
-2.178544834749332040e+02
-2.176436276352677055e+02
-2.176436276352649770e+02
-2.175659138085629536e+02
-2.174125622331429781e+02
-2.174125622331415855e+02
-2.173916699534324266e+02
-2.173800728618132325e+02
-2.173219587876807850e+02
-2.173219587876799608e+02
-2.173106784495857369e+02
-2.173055550393244175e+02
-2.173055550393231101e+02
-2.172588452709887576e+02
-2.172588452709866544e+02
-2.172139549566448125e+02
-2.172060519844764883e+02
-2.171621711617804635e+02
-2.171621711617794119e+02
-2.170397440643902485e+02
-2.170055128578781876e+02
-2.170055128578769086e+02
-2.169644500388003507e+02

N=11, t_perp=0.100 
-2.219331106950941148e+02
-2.219331106950857020e+02
-2.219314062645139529e+02
-2.206068661043962038e+02
-2.206068661043926511e+02
-2.206057574680127118e+02
-2.204958263094454765e+02
-2.204209021403294457e+02
-2.204209021403277688e+02
-2.204033289621729637e+02
-2.204033289621715426e+02
-2.203225593788731942e+02
-2.202978853316403161e+02
-2.202978853316373602e+02
-2.202791100047300006e+02
-2.200175234500239867e+02
-2.199645347871264960e+02
-2.199645347871259844e+02
-2.199528425966802843e+02
-2.199528425966773000e+02
-2.199486435550879548e+02
-2.197050339475240150e+02
-2.197050339475232477e+02
-2.196705721148647115e+02
-2.196204951311675870e+02
-2.196204951311660238e+02
-2.196201692107536303e+02
-2.196154024829909588e+02
-2.195754466920979269e+02
-2.195754466920976427e+02
-2.195548059452226823e+02
-2.195548059452218581e+02
-2.195269251135411537e+02
-2.193774873914032639e+02
-2.193697655227617531e+02
-2.193697655227605026e+02
-2.193301783790606407e+02
-2.193301783790602144e+02
-2.193168147700328916e+02
-2.192569176779337567e+02

N=12, t_perp=0.100 
-2.241110753077774405e+02
-2.240981415891800452e+02
-2.240981415891759809e+02
-2.228001742940994063e+02
-2.228001742940883219e+02
-2.226782647859035080e+02
-2.226369435566857931e+02
-2.226369435566847983e+02
-2.226107976258669225e+02
-2.225686095454411770e+02
-2.225349154087425916e+02
-2.225119964805054167e+02
-2.225119964805053030e+02
-2.225105199223262673e+02
-2.225105199223254999e+02
-2.223306946545596929e+02
-2.222812627657681048e+02
-2.222812627657629037e+02
-2.221229173222403404e+02
-2.221229173222309612e+02
-2.220351786406751557e+02
-2.219390533923146904e+02
-2.219286476628365392e+02
-2.219286476628352034e+02
-2.219218994910600031e+02
-2.219055456444526726e+02
-2.219055456444511378e+02
-2.218636129326866353e+02
-2.218636129326864648e+02
-2.218425930524841192e+02
-2.218399575384236471e+02
-2.218148891263318774e+02
-2.218148891263289215e+02
-2.216772378041611660e+02
-2.216539567841248015e+02
-2.216539567841224994e+02
-2.215266111008748169e+02
-2.215266111008740779e+02
-2.215115428333359660e+02
-2.215032223736944559e+02

