N=5, t_perp=0.100 
-2.080239653074940236e+02
-2.080239582301366852e+02
-2.080239582301343262e+02
-2.052306478792552582e+02
-2.052216365687825714e+02
-2.052216365687818325e+02
-2.051964002481718410e+02
-2.051964002481713294e+02
-2.051610805509759246e+02
-2.051569270841719970e+02
-2.051137977636925598e+02
-2.051137977636924461e+02
-2.050643748350324529e+02
-2.050643748350318845e+02
-2.050137284258622685e+02
-2.050134926548473970e+02
-2.049640519867612056e+02
-2.049640519867604667e+02
-2.049179978935784732e+02
-2.049179978935784163e+02
-2.048801365461391981e+02
-2.048750838897997539e+02
-2.048454996465325166e+02
-2.048454996465324598e+02
-2.048245356430636548e+02
-2.048245356430635695e+02
-2.048171665893174520e+02
-2.023758371074256388e+02
-2.023612570748240103e+02
-2.023612570748223618e+02
-2.022965784119716659e+02
-2.022965784119715238e+02
-2.022783938864544382e+02
-2.022783938864537276e+02
-2.022672154742219846e+02
-2.022461558232037078e+02
-2.022449778989236790e+02
-2.022136925712648292e+02
-2.022136925712643745e+02
-2.021954717188048960e+02

N=6, t_perp=0.100 
-2.100273514586446026e+02
-2.100273509737000097e+02
-2.100273509736997255e+02
-2.072346843305969628e+02
-2.072290819900078134e+02
-2.072290819900053123e+02
-2.072129529838987594e+02
-2.072129529838985889e+02
-2.071897499134647660e+02
-2.071859835210908898e+02
-2.071559785132021148e+02
-2.071559785132017169e+02
-2.071193887546024257e+02
-2.071193887546006920e+02
-2.070805284630979486e+02
-2.070790418030069588e+02
-2.070388027555989368e+02
-2.070388027555975441e+02
-2.069979007678148548e+02
-2.069979007678136611e+02
-2.069593117443659480e+02
-2.069574484332024724e+02
-2.069215260347044989e+02
-2.069215260347041578e+02
-2.068886223830587312e+02
-2.068886223830576512e+02
-2.068630317006435462e+02
-2.068584200878937054e+02
-2.068393250178836524e+02
-2.068393250178829987e+02
-2.068258880154774602e+02
-2.068258880154766359e+02
-2.068212645481079619e+02
-2.044013842985480096e+02
-2.043923416243314648e+02
-2.043923416243291342e+02
-2.043477630744359601e+02
-2.043477630744352496e+02
-2.043350369217937157e+02
-2.043350369217927778e+02

N=7, t_perp=0.100 
-2.120307417035852779e+02
-2.120307416703563206e+02
-2.120307416703561785e+02
-2.092384841159883138e+02
-2.092346801168241370e+02
-2.092346801168226591e+02
-2.092235711853727764e+02
-2.092235711853725491e+02
-2.092074631780141658e+02
-2.092041606480594567e+02
-2.091825557044738844e+02
-2.091825557044729464e+02
-2.091550459198169563e+02
-2.091550459198165584e+02
-2.091252803929805566e+02
-2.091232131340964884e+02
-2.090912457606814883e+02
-2.090912457606812609e+02
-2.090570396342401693e+02
-2.090570396342401693e+02
-2.090225541640802760e+02
-2.090224402558068846e+02
-2.089884631519401523e+02
-2.089884631519392713e+02
-2.089557375239278088e+02
-2.089557375239267856e+02
-2.089262541889442275e+02
-2.089238188005391237e+02
-2.088971473657159095e+02
-2.088971473657154831e+02
-2.088728784852016531e+02
-2.088728784852015394e+02
-2.088547608057355660e+02
-2.088506639319205647e+02
-2.088375660478550344e+02
-2.088375660478545512e+02
-2.088282797499220464e+02
-2.088282797499215917e+02
-2.088251168091823615e+02
-2.064173339116076704e+02

N=8, t_perp=0.100 
-2.140341322290353787e+02
-2.140341322267585724e+02
-2.140341322267576913e+02
-2.112421597473399402e+02
-2.112394124548944205e+02
-2.112394124548935110e+02
-2.112313274710560052e+02
-2.112313274710555220e+02
-2.112196244720513505e+02
-2.112167304638171004e+02
-2.112006397845793515e+02
-2.112006397845775894e+02
-2.111794892726929618e+02
-2.111794892726925355e+02
-2.111563513258664386e+02
-2.111541566153938163e+02
-2.111286725219874540e+02
-2.111286725219869140e+02
-2.111004433776633959e+02
-2.111004433776633391e+02
-2.110715398802714162e+02
-2.110707510094258339e+02
-2.110413815848829131e+02
-2.110413815848824584e+02
-2.110117194989731502e+02
-2.110117194989728659e+02
-2.109831736621368634e+02
-2.109821887141289096e+02
-2.109547860706061329e+02
-2.109547860706056497e+02
-2.109285422119343423e+02
-2.109285422119342002e+02
-2.109056401574504491e+02
-2.109030737416408385e+02
-2.108827619277325027e+02
-2.108827619277323890e+02
-2.108643064129413176e+02
-2.108643064129411755e+02
-2.108509687641438290e+02
-2.108473264460707526e+02

N=9, t_perp=0.100 
-2.160375227737055184e+02
-2.160375227735498811e+02
-2.160375227735490569e+02
-2.132457604540889236e+02
-2.132436851227837735e+02
-2.132436851227824661e+02
-2.132375509751033746e+02
-2.132375509751023230e+02
-2.132287312104294870e+02
-2.132261753840669769e+02
-2.132138292619710285e+02
-2.132138292619703748e+02
-2.131971945023726676e+02
-2.131971945023715307e+02
-2.131788889483394769e+02
-2.131767424021115573e+02
-2.131562086116868784e+02
-2.131562086116857131e+02
-2.131328740804509891e+02
-2.131328740804502786e+02
-2.131088038279862644e+02
-2.131075765835832101e+02
-2.130826022604319974e+02
-2.130826022604316847e+02
-2.130565327760384093e+02
-2.130565327760379830e+02
-2.130303949114389752e+02
-2.130303278211241036e+02
-2.130044669937026072e+02
-2.130044669937020387e+02
-2.129792141219256507e+02
-2.129792141219255370e+02
-2.129556452578094934e+02
-2.129542172860994071e+02
-2.129319726993784343e+02
-2.129319726993782069e+02
-2.129106919862177847e+02
-2.129106919862173299e+02
-2.128925685405065735e+02
-2.128900508886641774e+02

N=10, t_perp=0.100 
-2.180409133196928906e+02
-2.180409133196827156e+02
-2.180409133196819482e+02
-2.152493123151044472e+02
-2.152476902644918937e+02
-2.152476902644902168e+02
-2.152428837788569354e+02
-2.152428837788554006e+02
-2.152360376547258625e+02
-2.152337591137028028e+02
-2.152240423321187563e+02
-2.152240423321175342e+02
-2.152106831061778109e+02
-2.152106831061767593e+02
-2.151959465093869710e+02
-2.151939116136257155e+02
-2.151771531745544053e+02
-2.151771531745535810e+02
-2.151577242479514211e+02
-2.151577242479513927e+02
-2.151375912223045646e+02
-2.151361713674202463e+02
-2.151149610951379429e+02
-2.151149610951364366e+02
-2.150922866973902217e+02
-2.150922866973891416e+02
-2.150693727123414192e+02
-2.150688856277681964e+02
-2.150457783713145261e+02
-2.150457783713125082e+02
-2.150225122535651678e+02
-2.150225122535651394e+02
-2.149998941454799422e+02
-2.149992863709175310e+02
-2.149772723996887862e+02
-2.149772723996883883e+02
-2.149558131764293876e+02
-2.149558131764291318e+02
-2.149362338643966837e+02
-2.149346013972011917e+02

N=11, t_perp=0.100 
-2.200443038657712975e+02
-2.200443038657712407e+02
-2.200443038657705870e+02
-2.172528305536310711e+02
-2.172515285097954063e+02
-2.172515285097946673e+02
-2.172476647225529121e+02
-2.172476647225528836e+02
-2.172422210430755172e+02
-2.172401711862517573e+02
-2.172323575856293303e+02
-2.172323575856293303e+02
-2.172214286035169550e+02
-2.172214286035159603e+02
-2.172093725695359296e+02
-2.172074669468457842e+02
-2.171936113952244796e+02
-2.171936113952231437e+02
-2.171772835548796650e+02
-2.171772835548792386e+02
-2.171603206711575353e+02
-2.171588366853589775e+02
-2.171407572376419068e+02
-2.171407572376413100e+02
-2.171210716387122943e+02
-2.171210716387120669e+02
-2.171011155583504433e+02
-2.171003060396738249e+02
-2.170799028691967578e+02
-2.170799028691961894e+02
-2.170588671782325036e+02
-2.170588671782317363e+02
-2.170378254619548102e+02
-2.170377808934272252e+02
-2.170169123711754082e+02
-2.170169123711745272e+02
-2.169963902596700223e+02
-2.169963902596693117e+02
-2.169768823094514971e+02
-2.169759467685905179e+02

N=12, t_perp=0.100 
-2.220476944118553035e+02
-2.220476944118553035e+02
-2.220476944118546214e+02
-2.192563246629112257e+02
-2.192552568463918305e+02
-2.192552568463901537e+02
-2.192520857535108121e+02
-2.192520857535082257e+02
-2.192476702074164621e+02
-2.192458109398953923e+02
-2.192394122058713606e+02
-2.192394122058700248e+02
-2.192303257199839379e+02
-2.192303257199824600e+02
-2.192203186324802289e+02
-2.192185412598762184e+02
-2.192069441592866497e+02
-2.192069441592865928e+02
-2.191930880418502738e+02
-2.191930880418487391e+02
-2.191786773804538484e+02
-2.191771957705256852e+02
-2.191616959067619632e+02
-2.191616959067619632e+02
-2.191445674074563215e+02
-2.191445674074562078e+02
-2.191271726079766609e+02
-2.191261838721117385e+02
-2.191082119531082526e+02
-2.191082119531078831e+02
-2.190893457631135277e+02
-2.190893457631124477e+02
-2.190703939296128340e+02
-2.190700639875990703e+02
-2.190510231720380432e+02
-2.190510231720372190e+02
-2.190318847422812780e+02
-2.190318847422811359e+02
-2.190131669077573804e+02
-2.190127547440858109e+02

