N=5, t_perp=0.100 
-2.091099068800439795e+02
-2.091099068800415637e+02
-2.089880463005714546e+02
-2.080982236966078176e+02
-2.078946082711817667e+02
-2.078946082711792940e+02
-2.073036216418120432e+02
-2.073036216418117021e+02
-2.072328493864826271e+02
-2.070635438582955032e+02
-2.070635438582951906e+02
-2.070571564508716733e+02
-2.069747403213615939e+02
-2.069552282429974071e+02
-2.069552282429973218e+02
-2.061137973409155393e+02
-2.060318136776050153e+02
-2.060318136776043048e+02
-2.058799883939561539e+02
-2.055283018982732131e+02
-2.055033099357602566e+02
-2.055033099357586650e+02
-2.053971573312788337e+02
-2.053971573312783789e+02
-2.053512584756741148e+02
-2.053512584756730348e+02
-2.051959234371966545e+02
-2.051959234371954039e+02
-2.051824686398018684e+02
-2.050779663767371801e+02
-2.049873485428667266e+02
-2.049873485428666129e+02
-2.047428832900296527e+02
-2.047428832900292548e+02
-2.047420773755692665e+02
-2.047373104590836874e+02
-2.045242469716665141e+02
-2.045242469716655762e+02
-2.043797932662298820e+02
-2.042430186459319259e+02

N=6, t_perp=0.100 
-2.114083523955025044e+02
-2.111132443464400410e+02
-2.111132443464368009e+02
-2.105297343676340347e+02
-2.105297343676312209e+02
-2.097138057652911129e+02
-2.096682524484330372e+02
-2.096441406614025311e+02
-2.095786661935396467e+02
-2.095786661935384814e+02
-2.094005713700285582e+02
-2.094005713700282456e+02
-2.093751138281115516e+02
-2.093585248054853878e+02
-2.093585248054853309e+02
-2.090473989181486729e+02
-2.090473989181484740e+02
-2.090034424040306078e+02
-2.085033352168329941e+02
-2.085033352168303793e+02
-2.084022931758174195e+02
-2.082268736832114655e+02
-2.082117996977191297e+02
-2.082117996977190728e+02
-2.081596057161026749e+02
-2.080855333044625013e+02
-2.080515446076147441e+02
-2.080515446076145452e+02
-2.079419737969203936e+02
-2.079419737969202799e+02
-2.078083834058501793e+02
-2.078083834058501793e+02
-2.076684523135007510e+02
-2.075971795668894515e+02
-2.075971795668891957e+02
-2.075822305077560088e+02
-2.075525387737390588e+02
-2.075367629419591822e+02
-2.075321762506571872e+02
-2.075321762506559935e+02

N=7, t_perp=0.100 
-2.135050518319847583e+02
-2.133759238479011913e+02
-2.133759238479001681e+02
-2.126526958607914537e+02
-2.126526958607827851e+02
-2.122703023308193622e+02
-2.120719955248923725e+02
-2.119379243314207883e+02
-2.119379243314174062e+02
-2.117919289554504871e+02
-2.117041795202719925e+02
-2.117041795202690651e+02
-2.116743285999699253e+02
-2.116743285999696980e+02
-2.116509463201028041e+02
-2.114900539749670543e+02
-2.114900539749660027e+02
-2.113395446747667563e+02
-2.110840705944402771e+02
-2.110266776022824615e+02
-2.110142139705436080e+02
-2.110142139705424142e+02
-2.108791703158720168e+02
-2.108791703158719599e+02
-2.107977605683463764e+02
-2.106569314797662003e+02
-2.106569314797650065e+02
-2.106470681224541579e+02
-2.106470681224533621e+02
-2.105648974550375385e+02
-2.103690690486554331e+02
-2.103690690486540973e+02
-2.103360887472292120e+02
-2.103341888380132332e+02
-2.103341888380124090e+02
-2.102395039275184558e+02
-2.101910894446573366e+02
-2.101110178281320486e+02
-2.101110178281305139e+02
-2.100846232904705460e+02

N=8, t_perp=0.100 
-2.156248537672540806e+02
-2.156248537672514942e+02
-2.155713932462905120e+02
-2.148155883053003663e+02
-2.147092312844741571e+02
-2.147092312844694675e+02
-2.142766650789739344e+02
-2.142251403276062547e+02
-2.142251403276043504e+02
-2.141664030552484235e+02
-2.141664030552454392e+02
-2.140558660328078133e+02
-2.140087079566723958e+02
-2.140087079566695536e+02
-2.140006177846225626e+02
-2.136879173934171661e+02
-2.135999464922013544e+02
-2.135999464922001891e+02
-2.135105504932088820e+02
-2.135105504932083704e+02
-2.134581774279442925e+02
-2.133084356145670597e+02
-2.133084356145649281e+02
-2.132024755602759285e+02
-2.131805071496358153e+02
-2.131479882077462094e+02
-2.131030742748108366e+02
-2.131030742748102966e+02
-2.130577250679829717e+02
-2.130577250679827159e+02
-2.130463514796241213e+02
-2.129268194372087066e+02
-2.129268194372072571e+02
-2.129187388981035554e+02
-2.129187388981028448e+02
-2.129079108243474252e+02
-2.127155868545989392e+02
-2.127155868545981434e+02
-2.127058586588017022e+02
-2.126059975218772422e+02

N=9, t_perp=0.100 
-2.178549864399191733e+02
-2.177483909021798638e+02
-2.177483909021791249e+02
-2.170604875103083771e+02
-2.170604875102935694e+02
-2.166410155325254721e+02
-2.165656012795851382e+02
-2.164867414030814530e+02
-2.164867414030799182e+02
-2.164694057595020240e+02
-2.163416038298832405e+02
-2.163301344282896821e+02
-2.163301344282896821e+02
-2.163187048650418660e+02
-2.163187048650402460e+02
-2.160490074121813677e+02
-2.160485992546937268e+02
-2.160485992546870762e+02
-2.157346780122553866e+02
-2.157346780122516066e+02
-2.156774397637600487e+02
-2.156137007490256963e+02
-2.156137007490254405e+02
-2.155911012726079719e+02
-2.155392344512761440e+02
-2.155060520723091884e+02
-2.154666944605982621e+02
-2.154666944605969263e+02
-2.154303573012706181e+02
-2.154303573012698507e+02
-2.154183940220009674e+02
-2.153894283747176530e+02
-2.153894283747161751e+02
-2.153081883715063043e+02
-2.152998803543434292e+02
-2.152998803543421502e+02
-2.151810130002542394e+02
-2.151810130002536710e+02
-2.151630046514950436e+02
-2.150918824110677008e+02

N=10, t_perp=0.100 
-2.200165678869075521e+02
-2.199473402976091734e+02
-2.199473402976074112e+02
-2.192196524295430038e+02
-2.192196524295283666e+02
-2.189159812859039960e+02
-2.188258175643868526e+02
-2.187399665222809233e+02
-2.187399665222798433e+02
-2.186634410838408371e+02
-2.185850820274497153e+02
-2.185798312411394591e+02
-2.185798312411384927e+02
-2.185721800323152877e+02
-2.185721800323137813e+02
-2.183740672326194101e+02
-2.183740672326143510e+02
-2.183675594522236452e+02
-2.180619474479206303e+02
-2.180619474479116775e+02
-2.179934332617340260e+02
-2.179435904524847842e+02
-2.178570838118362190e+02
-2.178570838118349400e+02
-2.178060914500081822e+02
-2.178043998132695549e+02
-2.178043998132689012e+02
-2.177683895956069193e+02
-2.177368094216070347e+02
-2.177368094216065799e+02
-2.177146824647140306e+02
-2.176763665102811558e+02
-2.176763665102808147e+02
-2.176747024330953195e+02
-2.176747024330953195e+02
-2.176469288350582758e+02
-2.176150303091919795e+02
-2.175836043036237584e+02
-2.175836043036211152e+02
-2.174719033326314843e+02

N=11, t_perp=0.100 
-2.221630628764749531e+02
-2.221630628764723667e+02
-2.221449724577510096e+02
-2.213411714364359000e+02
-2.213005979354229282e+02
-2.213005979354155670e+02
-2.210255618061390237e+02
-2.209634362400809948e+02
-2.209634362400799716e+02
-2.209287313357283438e+02
-2.209287313357260416e+02
-2.208635259922847069e+02
-2.208071937081770102e+02
-2.208071937081763281e+02
-2.207735829741310454e+02
-2.205798551479491039e+02
-2.204901150629850974e+02
-2.204901150629843585e+02
-2.204695861269416639e+02
-2.204695861269399870e+02
-2.204163873321811309e+02
-2.201902885832993491e+02
-2.201902885832959385e+02
-2.201554661884022437e+02
-2.201138380674145765e+02
-2.200941342970076562e+02
-2.200941342970070309e+02
-2.200888451765744946e+02
-2.200178978972390951e+02
-2.200178978972368498e+02
-2.199786978580167442e+02
-2.199786978580153232e+02
-2.199717754792074800e+02
-2.199717754792069115e+02
-2.199708989529454755e+02
-2.199586087594516925e+02
-2.198395124127042095e+02
-2.198395124127040106e+02
-2.198104032168790525e+02
-2.198039283160433683e+02

N=12, t_perp=0.100 
-2.243645563123989177e+02
-2.243292508010624999e+02
-2.243292508010572703e+02
-2.235440456290163524e+02
-2.235440456290027100e+02
-2.233270228251311948e+02
-2.232520603599877234e+02
-2.231970390255845018e+02
-2.231970390255810344e+02
-2.231424937546834428e+02
-2.231019404080836068e+02
-2.230761113994587390e+02
-2.230761113994559821e+02
-2.230725118078322282e+02
-2.230725118078287892e+02
-2.228442969971563627e+02
-2.228315277392407268e+02
-2.228315277392368614e+02
-2.226474203253831377e+02
-2.226474203253766859e+02
-2.225937041553580684e+02
-2.224689954287761395e+02
-2.224689954287734963e+02
-2.224535967391824443e+02
-2.224062724339079580e+02
-2.224050811856719463e+02
-2.223763553742984982e+02
-2.223763553742981287e+02
-2.223495185915492414e+02
-2.223495185915476782e+02
-2.222891034064354869e+02
-2.222859739211115482e+02
-2.222668917870281575e+02
-2.222668917870279870e+02
-2.222603769154535485e+02
-2.222603769154522126e+02
-2.221118526987585824e+02
-2.221118526987579287e+02
-2.221059573888002490e+02
-2.220884761702516528e+02

