N=5, t_perp=0.100 
-2.081765846719543731e+02
-2.081765846719527531e+02
-2.081719198099413575e+02
-2.058283986936545489e+02
-2.058283986936539804e+02
-2.057828101715893752e+02
-2.057803954667039648e+02
-2.057398732144790472e+02
-2.057398732144764040e+02
-2.056110954626593355e+02
-2.056110954626572038e+02
-2.056015141591653048e+02
-2.055569502365659389e+02
-2.055569502365632957e+02
-2.055465229964020182e+02
-2.050854167755821891e+02
-2.050580810328380892e+02
-2.050019299844384193e+02
-2.050019299844381635e+02
-2.049997812503467856e+02
-2.049997812503465582e+02
-2.048142259129597846e+02
-2.047930335454991564e+02
-2.047930335454990995e+02
-2.046710296798319462e+02
-2.046710296798306672e+02
-2.045749814686470529e+02
-2.035993650335566088e+02
-2.035993650335553866e+02
-2.035233140115971651e+02
-2.034104245651755605e+02
-2.033745115110268671e+02
-2.033745115110256734e+02
-2.031311664339682181e+02
-2.031002661799224995e+02
-2.031002661799216753e+02
-2.030059539370909647e+02
-2.030059539370909079e+02
-2.029715102440483747e+02
-2.028217420049228110e+02

N=6, t_perp=0.100 
-2.102105824963538794e+02
-2.102063293176532000e+02
-2.102063293176528873e+02
-2.078373953926124216e+02
-2.078373953926120805e+02
-2.078208560283108852e+02
-2.077703258221644944e+02
-2.077703258221631302e+02
-2.077276872692650329e+02
-2.077111073604825151e+02
-2.076806029724168354e+02
-2.076779776767137093e+02
-2.076779776767127146e+02
-2.076591999442106555e+02
-2.076591999442094050e+02
-2.073996079262456362e+02
-2.073752094228640885e+02
-2.073752094228637759e+02
-2.072965100289114275e+02
-2.072965100289111717e+02
-2.072505015361321057e+02
-2.070906332056711392e+02
-2.070719312708743871e+02
-2.070719312708741029e+02
-2.070415131745279496e+02
-2.070415131745270116e+02
-2.070205726853399426e+02
-2.068225607374611172e+02
-2.067871090930757134e+02
-2.067871090930751734e+02
-2.066973552977402164e+02
-2.066973552977394775e+02
-2.066468884289534458e+02
-2.057384912437777018e+02
-2.057384912437759965e+02
-2.056909825928659643e+02
-2.055948473420534981e+02
-2.055683090547709924e+02
-2.055683090547706513e+02
-2.053185817685304642e+02

N=7, t_perp=0.100 
-2.122414326518757548e+02
-2.122400702894144899e+02
-2.122400702894098856e+02
-2.098656007663866205e+02
-2.098558809433344265e+02
-2.098558809433325507e+02
-2.098060641993416766e+02
-2.098060641993407955e+02
-2.097765661343569263e+02
-2.097156681486672767e+02
-2.097140016020007636e+02
-2.097099174598150739e+02
-2.097099174598144771e+02
-2.097081231618532229e+02
-2.097081231618526544e+02
-2.095726612582485018e+02
-2.095354908080916516e+02
-2.095354908080907705e+02
-2.094448393881588686e+02
-2.094448393881583002e+02
-2.093909519076594279e+02
-2.092911951090332821e+02
-2.092812374153804171e+02
-2.092792933898913077e+02
-2.092792933898911940e+02
-2.092742937285967741e+02
-2.092742937285963194e+02
-2.091227270259198860e+02
-2.091070676520679683e+02
-2.091070676520679399e+02
-2.090699083493469743e+02
-2.090699083493455817e+02
-2.090469065461178673e+02
-2.088149841908686426e+02
-2.087916425449752751e+02
-2.087916425449750761e+02
-2.087391899879300468e+02
-2.087391899879280857e+02
-2.087107003216429746e+02
-2.078050318335757822e+02

N=8, t_perp=0.100 
-2.142733483464962490e+02
-2.142733483464915878e+02
-2.142732156242846031e+02
-2.118800594502578178e+02
-2.118746236968657684e+02
-2.118746236968642052e+02
-2.118518375527630155e+02
-2.118518375527625039e+02
-2.118354041150003866e+02
-2.117788441205013612e+02
-2.117598144242369358e+02
-2.117598144242360547e+02
-2.117358903322837023e+02
-2.117358903322825938e+02
-2.117269477475863937e+02
-2.115909683273914652e+02
-2.115820263088297963e+02
-2.115820263088296258e+02
-2.115509334326008570e+02
-2.115509334325996065e+02
-2.115010862629660835e+02
-2.114995390072153043e+02
-2.114466483697446506e+02
-2.114466483697446222e+02
-2.114102043414226273e+02
-2.114102043414220020e+02
-2.114007191723982544e+02
-2.112732250728901136e+02
-2.112714899119869472e+02
-2.112714899119852987e+02
-2.112688361551059018e+02
-2.112688361551054470e+02
-2.112648635478645360e+02
-2.111229708474230620e+02
-2.111145884220640880e+02
-2.111145884220635480e+02
-2.111051076425191013e+02
-2.111051076425177371e+02
-2.111041415215933057e+02
-2.108201658622337504e+02

N=9, t_perp=0.100 
-2.163061583576320288e+02
-2.163060469470859744e+02
-2.163060469470784142e+02
-2.139049317258464384e+02
-2.139012503435791643e+02
-2.139012503435772317e+02
-2.138895657641510013e+02
-2.138895657641501487e+02
-2.138822170715837387e+02
-2.137924855979464098e+02
-2.137877483929643461e+02
-2.137877483929633229e+02
-2.137839058274092281e+02
-2.137839058274090860e+02
-2.137838400385054172e+02
-2.136344147490250123e+02
-2.136268532350749467e+02
-2.136268532350732983e+02
-2.136043633038629252e+02
-2.136043633038605947e+02
-2.135767547122629821e+02
-2.135599126920864137e+02
-2.135284446457306444e+02
-2.135284446457289675e+02
-2.134915223031960352e+02
-2.134915223031950120e+02
-2.134661032191094989e+02
-2.134572669348623606e+02
-2.134438592139180173e+02
-2.134438592139167952e+02
-2.134382942585306751e+02
-2.134382942585302487e+02
-2.134369894542713553e+02
-2.132647518069478281e+02
-2.132600163726167182e+02
-2.132600163726156666e+02
-2.132505111728955001e+02
-2.132505111728946758e+02
-2.132464135277390938e+02
-2.131453977192053628e+02

N=10, t_perp=0.100 
-2.183389039241642422e+02
-2.183388443030410713e+02
-2.183388443030331132e+02
-2.159366776902690788e+02
-2.159326152543475530e+02
-2.159326152543472119e+02
-2.159233432954678165e+02
-2.159233432954676459e+02
-2.159183764948447504e+02
-2.158195795169601752e+02
-2.158195639622562680e+02
-2.158193055082726062e+02
-2.158193055082699061e+02
-2.158192043680901691e+02
-2.158192043680886343e+02
-2.156962318856608647e+02
-2.156849933920819637e+02
-2.156849933920805711e+02
-2.156587336600164519e+02
-2.156587336600161109e+02
-2.156408925239320240e+02
-2.155860831457808615e+02
-2.155741257148343948e+02
-2.155741257148343664e+02
-2.155580663740495879e+02
-2.155580663740491332e+02
-2.155508952769576752e+02
-2.155210394033200600e+02
-2.155156783699280254e+02
-2.155156783699276275e+02
-2.155077133127413731e+02
-2.155077133127409752e+02
-2.155042433600046934e+02
-2.154603620946857063e+02
-2.154526735738553782e+02
-2.154526735738544403e+02
-2.154358988958009888e+02
-2.154358988957989993e+02
-2.154271864514114156e+02
-2.152599799839288437e+02

N=11, t_perp=0.100 
-2.203716449009739904e+02
-2.203716449009676523e+02
-2.203716430502553862e+02
-2.179660827290636007e+02
-2.179636298473803038e+02
-2.179636298473768647e+02
-2.179581012325155598e+02
-2.179581012325119218e+02
-2.179550621187077013e+02
-2.178581648982550689e+02
-2.178550739163366927e+02
-2.178550739163364085e+02
-2.178496141530112595e+02
-2.178496141530083037e+02
-2.178471550139426256e+02
-2.177378329975607301e+02
-2.177312177959941266e+02
-2.177312177959910002e+02
-2.177136898705134342e+02
-2.177136898705093131e+02
-2.176997958668901560e+02
-2.176417231927495379e+02
-2.176239853699468370e+02
-2.176239853699449611e+02
-2.175978482856052096e+02
-2.175978482856043854e+02
-2.175858609080572137e+02
-2.175738456607072635e+02
-2.175708452251652432e+02
-2.175708452251648168e+02
-2.175672483506533013e+02
-2.175672483506525339e+02
-2.175654653705911699e+02
-2.175465374956798996e+02
-2.175434367699431846e+02
-2.175434367699425025e+02
-2.175356431891408135e+02
-2.175356431891402735e+02
-2.175301052976579683e+02
-2.174459809049630508e+02

N=12, t_perp=0.100 
-2.224044261125899880e+02
-2.224044235321584324e+02
-2.224044235321356098e+02
-2.199964389462304553e+02
-2.199951133811809143e+02
-2.199951133811762531e+02
-2.199922121667817976e+02
-2.199922121667751469e+02
-2.199906458667241509e+02
-2.198888697077660481e+02
-2.198871326454634243e+02
-2.198871326454616622e+02
-2.198840537528779748e+02
-2.198840537528757011e+02
-2.198826859532300659e+02
-2.197771813514294195e+02
-2.197729360211282881e+02
-2.197729360211280039e+02
-2.197612693071092735e+02
-2.197612693071080514e+02
-2.197518027695232092e+02
-2.196996539886407334e+02
-2.196823762570312226e+02
-2.196823762570237761e+02
-2.196488585781253846e+02
-2.196488585781185918e+02
-2.196203302877803765e+02
-2.196131750470436828e+02
-2.196068397317668826e+02
-2.196068397317660015e+02
-2.196052952871054629e+02
-2.196052952871047523e+02
-2.196047595844096065e+02
-2.195979115617987247e+02
-2.195969911561879258e+02
-2.195969911561857941e+02
-2.195949812802203382e+02
-2.195949812802176666e+02
-2.195919185991402571e+02
-2.195862741755315710e+02

