N=5, t_perp=0.100 
-2.101432700250708479e+02
-2.101432700250702510e+02
-2.099003689814742017e+02
-2.090643323835801937e+02
-2.086693491652139869e+02
-2.086693491652128216e+02
-2.084280748001791608e+02
-2.084280748001781092e+02
-2.081337388988498844e+02
-2.080403003971757414e+02
-2.080403003971752867e+02
-2.079858135077838313e+02
-2.079821052621209958e+02
-2.078043202871362496e+02
-2.078043202871358801e+02
-2.077447652960619564e+02
-2.073264175516482055e+02
-2.073264175516464149e+02
-2.071456693014312691e+02
-2.070319934405761160e+02
-2.070319934405753486e+02
-2.066792636487523112e+02
-2.066792636487519133e+02
-2.066788034957134528e+02
-2.064211107613016338e+02
-2.063649704764995079e+02
-2.063649704764986552e+02
-2.061168695127811930e+02
-2.061168695127800277e+02
-2.061038937496011272e+02
-2.057062299971543098e+02
-2.057062299971541108e+02
-2.053597304532015073e+02
-2.053597304532008820e+02
-2.051659284363634299e+02
-2.051638914924579353e+02
-2.051638914924570543e+02
-2.049979816995864041e+02
-2.049531195693715802e+02
-2.049107636808904260e+02

N=6, t_perp=0.100 
-2.127172270987780962e+02
-2.121682402672150545e+02
-2.121682402672062722e+02
-2.117673145652731534e+02
-2.117673145652688049e+02
-2.110245385228461714e+02
-2.110245385228428461e+02
-2.109462029662095688e+02
-2.109277352139333459e+02
-2.107528143468621806e+02
-2.107528143468587416e+02
-2.106185554479984035e+02
-2.104956890634990430e+02
-2.104956890634989861e+02
-2.104861031524914097e+02
-2.101926688823925815e+02
-2.101926688823910467e+02
-2.099688001301748272e+02
-2.097673640388352396e+02
-2.097186997307294973e+02
-2.096533350135094054e+02
-2.096533350135071601e+02
-2.096283696929608027e+02
-2.096283696929598079e+02
-2.094395436257061931e+02
-2.093367773256248086e+02
-2.093367773256240127e+02
-2.092660673452335800e+02
-2.092660673452326705e+02
-2.092004322388644368e+02
-2.090992952104421647e+02
-2.090835032508539655e+02
-2.090835032508532265e+02
-2.090541063928576477e+02
-2.090541063928575340e+02
-2.090232406315260789e+02
-2.090232406315253684e+02
-2.090042276760501636e+02
-2.088281698449811756e+02
-2.086450764035471366e+02

N=7, t_perp=0.100 
-2.149677376629052787e+02
-2.147388584656310684e+02
-2.147388584656281978e+02
-2.141307856499408331e+02
-2.141307856499287823e+02
-2.136201456392349201e+02
-2.135729664689793594e+02
-2.133150237441849697e+02
-2.133150237441823833e+02
-2.132039062290435822e+02
-2.132039062290434117e+02
-2.131640842562039779e+02
-2.130889192476582537e+02
-2.130889192476580831e+02
-2.129247685832403363e+02
-2.129247685832381478e+02
-2.128816025306521169e+02
-2.126669598262350576e+02
-2.126572698728889179e+02
-2.125031222611985982e+02
-2.124288724455578858e+02
-2.124288724455577153e+02
-2.124257337421482532e+02
-2.123823429317259013e+02
-2.123823429317254181e+02
-2.122531586877300924e+02
-2.122531586877295240e+02
-2.121331124267388759e+02
-2.121331124267378243e+02
-2.120435271059212141e+02
-2.120435271059200204e+02
-2.118872724625703654e+02
-2.118668178051900952e+02
-2.118599883676418756e+02
-2.117347289405303172e+02
-2.117347289405286972e+02
-2.116930404928137079e+02
-2.116731641861027811e+02
-2.116236307639202892e+02
-2.116236307639194933e+02

N=8, t_perp=0.100 
-2.172742204286193157e+02
-2.172742204286158199e+02
-2.170961283343024206e+02
-2.165882849258075566e+02
-2.162970082802440572e+02
-2.162970082802360992e+02
-2.159554787190968455e+02
-2.159554787190879210e+02
-2.157843777254123836e+02
-2.157188625867907774e+02
-2.157188625867887026e+02
-2.157032402680799521e+02
-2.157032402680794689e+02
-2.157018309289206570e+02
-2.156678625896294648e+02
-2.154110109194419351e+02
-2.152112866257162977e+02
-2.152112866257160704e+02
-2.152064946900777329e+02
-2.151799312420181707e+02
-2.151799312420176022e+02
-2.150733137747361639e+02
-2.150733137747356807e+02
-2.150415837493181641e+02
-2.148695064294099097e+02
-2.148681543440577002e+02
-2.148269529438780694e+02
-2.148069508726310630e+02
-2.148069508726292440e+02
-2.146577193239092765e+02
-2.146451080199215653e+02
-2.146451080199209684e+02
-2.146010964078248833e+02
-2.146010964078230359e+02
-2.145340547930750574e+02
-2.145245718185041994e+02
-2.145245718185039436e+02
-2.144280757050112243e+02
-2.144280757050107695e+02
-2.143620855871207880e+02

N=9, t_perp=0.100 
-2.197544546513132673e+02
-2.194750603476841206e+02
-2.194750603476706772e+02
-2.190551948845964603e+02
-2.190551948845822494e+02
-2.184564743638343032e+02
-2.184242531399489167e+02
-2.183800280122242441e+02
-2.183744883749392613e+02
-2.183744883749388350e+02
-2.183012272380382797e+02
-2.183012272380358354e+02
-2.181313233547060406e+02
-2.181284104278786913e+02
-2.181284104278747975e+02
-2.178272826853433912e+02
-2.178272826853377637e+02
-2.176979205861680384e+02
-2.176053221359080965e+02
-2.175863141882833816e+02
-2.175863141882827563e+02
-2.175338556899594380e+02
-2.175338556899588411e+02
-2.175184581736690745e+02
-2.175184581736677956e+02
-2.174386426126605727e+02
-2.174152544561194702e+02
-2.174097171280606915e+02
-2.173052956346652991e+02
-2.173052956346650717e+02
-2.172969354291788306e+02
-2.172762168097088704e+02
-2.172762168097071083e+02
-2.171416495760963414e+02
-2.171416495760947498e+02
-2.170800338711177631e+02
-2.170716616805042065e+02
-2.170686132529778263e+02
-2.170508938002234913e+02
-2.170508938002231503e+02

N=10, t_perp=0.100 
-2.220927549400009582e+02
-2.219040755689546245e+02
-2.219040755689455580e+02
-2.214466460758317794e+02
-2.214466460758204107e+02
-2.209847308428627173e+02
-2.209768870895984776e+02
-2.207668926150255118e+02
-2.207668926150234654e+02
-2.207635826062558522e+02
-2.207541904465469997e+02
-2.207541904465459766e+02
-2.206059918958052322e+02
-2.206059918958040953e+02
-2.205283456776990931e+02
-2.204806127225213004e+02
-2.204806127225160139e+02
-2.203252368954957490e+02
-2.201708099944099217e+02
-2.200564041348142155e+02
-2.200564041348130786e+02
-2.200371699973471209e+02
-2.199893293276955148e+02
-2.199505584463770731e+02
-2.199505584463767889e+02
-2.199412342717232605e+02
-2.199412342717202193e+02
-2.199320929216360696e+02
-2.199320929216336253e+02
-2.198568256399272798e+02
-2.198568256399258587e+02
-2.197768703278673001e+02
-2.197768703278668170e+02
-2.197531574787202828e+02
-2.197209437560640310e+02
-2.196529422074366948e+02
-2.196254254732865547e+02
-2.196254254732835989e+02
-2.196122908393528235e+02
-2.195872256678185863e+02

N=11, t_perp=0.100 
-2.243992395247877596e+02
-2.243992395247873333e+02
-2.242875488668972537e+02
-2.238480846492639955e+02
-2.236591500519697320e+02
-2.236591500519597560e+02
-2.233209009330595904e+02
-2.233209009330525419e+02
-2.232630833714098628e+02
-2.232076978142729047e+02
-2.232076978142715689e+02
-2.231540449547828473e+02
-2.231211288992035975e+02
-2.231211288992033985e+02
-2.230517749955009208e+02
-2.228508875001845411e+02
-2.228384050001521928e+02
-2.227413900354445389e+02
-2.227413900354421230e+02
-2.226418751209067182e+02
-2.226418751209044160e+02
-2.225779842956799257e+02
-2.225779842956762025e+02
-2.225402795668165368e+02
-2.224456444625103018e+02
-2.224067460580222360e+02
-2.224067460580216959e+02
-2.223447625356143362e+02
-2.223445042006902383e+02
-2.223281285191825134e+02
-2.223281285191814902e+02
-2.222800275379352115e+02
-2.222491164088814912e+02
-2.222491164088800701e+02
-2.221962739460397529e+02
-2.221962739460383602e+02
-2.221914976309286374e+02
-2.221914976309284668e+02
-2.221373634552671490e+02
-2.221373634552671206e+02

N=12, t_perp=0.100 
-2.268315555949106113e+02
-2.266877788785898815e+02
-2.266877788785802466e+02
-2.262482898664777906e+02
-2.262482898664553943e+02
-2.258612308237256627e+02
-2.257926817644263338e+02
-2.257468482069590152e+02
-2.256933750726578580e+02
-2.256933750726572612e+02
-2.256583800990378847e+02
-2.256583800990357247e+02
-2.255768394599504063e+02
-2.255768394599411977e+02
-2.255713561660288633e+02
-2.252895681815915054e+02
-2.252895681815811031e+02
-2.252243402137328872e+02
-2.251177986715162547e+02
-2.251177986715064492e+02
-2.250689208600039422e+02
-2.250077531579946992e+02
-2.250077531579918002e+02
-2.250016750142674766e+02
-2.250016750142663113e+02
-2.249745837673315521e+02
-2.249122404432202984e+02
-2.249001945245311163e+02
-2.248592956473643767e+02
-2.247936745621699117e+02
-2.247936745621690875e+02
-2.247856719238881453e+02
-2.247856719238866106e+02
-2.247504977070857990e+02
-2.247504977070833263e+02
-2.247059635468278600e+02
-2.246802156595643396e+02
-2.246108089181106777e+02
-2.246108089181106493e+02
-2.246068773873980149e+02

