N=5, t_perp=0.100 
-2.080702995759870078e+02
-2.080702472607091522e+02
-2.080702472607060258e+02
-2.053897349558929477e+02
-2.053860719389055873e+02
-2.053860719389052178e+02
-2.053774782079129011e+02
-2.053697776507225967e+02
-2.053697776507223125e+02
-2.052731541148579595e+02
-2.052731541148578458e+02
-2.052704693943614700e+02
-2.052656310959998223e+02
-2.052656310959996233e+02
-2.052368939346378340e+02
-2.050077071071068815e+02
-2.049663400327057445e+02
-2.049663400327049487e+02
-2.049168736156051125e+02
-2.049168736156050272e+02
-2.049011450026740988e+02
-2.047908581459504092e+02
-2.047631347817776089e+02
-2.047631347817765004e+02
-2.047025879090280682e+02
-2.047025879090273861e+02
-2.046702903543202012e+02
-2.027967330706016469e+02
-2.027967330705994868e+02
-2.027820482661221888e+02
-2.027356192969045594e+02
-2.026670461550166920e+02
-2.026670461550151003e+02
-2.025602639896568462e+02
-2.025602639896561072e+02
-2.025484835365241167e+02
-2.024853398604717256e+02
-2.024824447827813287e+02
-2.024824447827805045e+02
-2.024108745201334330e+02

N=6, t_perp=0.100 
-2.100830893255838703e+02
-2.100827305329704586e+02
-2.100827305329646322e+02
-2.073900560048448938e+02
-2.073868730215860978e+02
-2.073868730215859841e+02
-2.073716071468851112e+02
-2.073716071468845996e+02
-2.073641692259521960e+02
-2.073279192898027929e+02
-2.073279192898021392e+02
-2.073277134768626695e+02
-2.073277134768622432e+02
-2.073274112537062024e+02
-2.073221964449621453e+02
-2.071503176463922671e+02
-2.071285952783823063e+02
-2.071285952783817947e+02
-2.070881471196749999e+02
-2.070881471196735788e+02
-2.070665317410177408e+02
-2.069698054282021076e+02
-2.069519173710336588e+02
-2.069519173710326356e+02
-2.069226187223781324e+02
-2.069226187223779903e+02
-2.069084526519788199e+02
-2.067704484621465610e+02
-2.067521071929040772e+02
-2.067521071929030256e+02
-2.067215953722136703e+02
-2.067215953722123629e+02
-2.067083419562421511e+02
-2.048389000497503787e+02
-2.048389000497487302e+02
-2.048240054040889504e+02
-2.047878108131980639e+02
-2.047613997584533081e+02
-2.047613997584530807e+02
-2.046327438548405553e+02

N=7, t_perp=0.100 
-2.120954950406377861e+02
-2.120954080691235788e+02
-2.120954080691208503e+02
-2.094005587157693071e+02
-2.093969643761178361e+02
-2.093969643761169550e+02
-2.093846759479292530e+02
-2.093846759479289972e+02
-2.093739600836351826e+02
-2.093553976263559093e+02
-2.093499751901625245e+02
-2.093499751901620130e+02
-2.093475290382160665e+02
-2.093471347111772047e+02
-2.093471347111764089e+02
-2.092335624542549795e+02
-2.092217634816643113e+02
-2.092217634816640555e+02
-2.091944467505427099e+02
-2.091944467505426530e+02
-2.091774677141133623e+02
-2.090769564206507596e+02
-2.090624717323662480e+02
-2.090624717323657364e+02
-2.090363192955381635e+02
-2.090363192955377940e+02
-2.090196334110707710e+02
-2.089709642673833230e+02
-2.089515717142304254e+02
-2.089515717142299138e+02
-2.089229885951114056e+02
-2.089229885951113488e+02
-2.089097090412930413e+02
-2.087672628886560631e+02
-2.087568952500149067e+02
-2.087568952500145372e+02
-2.087386778489384653e+02
-2.087386778489383232e+02
-2.087303983015204096e+02
-2.068560075338486399e+02

N=8, t_perp=0.100 
-2.141080273004774028e+02
-2.141080224271789803e+02
-2.141080224271736654e+02
-2.114093129672926068e+02
-2.114057502206843253e+02
-2.114057502206838990e+02
-2.113962536475271179e+02
-2.113962536475265210e+02
-2.113873899402641143e+02
-2.113793972217679880e+02
-2.113721895961359394e+02
-2.113721895961348309e+02
-2.113660451266232769e+02
-2.113660451266230496e+02
-2.113641305879568222e+02
-2.112741354907817879e+02
-2.112674957402296911e+02
-2.112674957402294353e+02
-2.112511134759308220e+02
-2.112511134759304525e+02
-2.112400301686132025e+02
-2.111669356398087984e+02
-2.111548282313269453e+02
-2.111548282313267748e+02
-2.111346616875631526e+02
-2.111346616875625841e+02
-2.111246283802605035e+02
-2.110517918233840362e+02
-2.110404173970312058e+02
-2.110404173970303532e+02
-2.110158403085460748e+02
-2.110158403085453926e+02
-2.109951804450720942e+02
-2.109697798356633314e+02
-2.109491610668637804e+02
-2.109491610668632120e+02
-2.109258999295140882e+02
-2.109258999295137755e+02
-2.109164620694479879e+02
-2.107698174777502800e+02

N=9, t_perp=0.100 
-2.161206132531346782e+02
-2.161206099438053627e+02
-2.161206099437976604e+02
-2.134186067951585528e+02
-2.134159043297847518e+02
-2.134159043297843823e+02
-2.134085287123280068e+02
-2.134085287123278079e+02
-2.133994248271220044e+02
-2.133981443059538208e+02
-2.133897780917546640e+02
-2.133897780917541809e+02
-2.133837966858218635e+02
-2.133837966858206983e+02
-2.133817431648220406e+02
-2.133044601089264347e+02
-2.133000909261571110e+02
-2.133000909261564004e+02
-2.132897062235035150e+02
-2.132897062235034866e+02
-2.132830383300500330e+02
-2.132215135403730812e+02
-2.132124295091891213e+02
-2.132124295091888087e+02
-2.131955458145623652e+02
-2.131955458145615978e+02
-2.131863664794221904e+02
-2.131318263313342527e+02
-2.131234552605979218e+02
-2.131234552605969839e+02
-2.131079727606424683e+02
-2.131079727606415020e+02
-2.130992099211071604e+02
-2.130397699279588437e+02
-2.130280986047215492e+02
-2.130280986047215492e+02
-2.130038192396302179e+02
-2.130038192396296495e+02
-2.129805016874106798e+02
-2.129717038222380552e+02

N=10, t_perp=0.100 
-2.181331987482717523e+02
-2.181331976898213156e+02
-2.181331976898118796e+02
-2.154291850395155734e+02
-2.154271318840861795e+02
-2.154271318840851848e+02
-2.154215547694788881e+02
-2.154215547694781492e+02
-2.154161930856818401e+02
-2.154094093678878039e+02
-2.154042999363261686e+02
-2.154042999363256570e+02
-2.153993012389773867e+02
-2.153993012389763919e+02
-2.153975683858368200e+02
-2.153311562895856071e+02
-2.153282358527497422e+02
-2.153282358527488611e+02
-2.153213094067224631e+02
-2.153213094067220084e+02
-2.153170119283739723e+02
-2.152587847642421082e+02
-2.152520065697206064e+02
-2.152520065697205496e+02
-2.152384210044052111e+02
-2.152384210044038468e+02
-2.152305089532268312e+02
-2.151892206157727117e+02
-2.151819991173044855e+02
-2.151819991173044571e+02
-2.151696489078339312e+02
-2.151696489078338459e+02
-2.151632584642257200e+02
-2.151131414920903353e+02
-2.151055757028785536e+02
-2.151055757028782978e+02
-2.150901854550470773e+02
-2.150901854550466226e+02
-2.150805555752681926e+02
-2.150332798941196302e+02

N=11, t_perp=0.100 
-2.201457851094059777e+02
-2.201457850028666599e+02
-2.201457850028641303e+02
-2.174403434555571266e+02
-2.174387674236122336e+02
-2.174387674236080557e+02
-2.174346516199644839e+02
-2.174346516199630912e+02
-2.174313544438146266e+02
-2.174212612696176734e+02
-2.174178849303802963e+02
-2.174178849303792163e+02
-2.174136830805152272e+02
-2.174136830805144314e+02
-2.174120993605799868e+02
-2.173546119305092077e+02
-2.173526857071793756e+02
-2.173526857071781819e+02
-2.173481190467483088e+02
-2.173481190467466320e+02
-2.173453311770538789e+02
-2.172900185579514414e+02
-2.172846889618698754e+02
-2.172846889618694775e+02
-2.172736285028219072e+02
-2.172736285028218219e+02
-2.172671151989628413e+02
-2.172295120026753636e+02
-2.172233019624535757e+02
-2.172233019624529220e+02
-2.172124156492009490e+02
-2.172124156492004374e+02
-2.172066178005387656e+02
-2.171712489344016319e+02
-2.171654777605845368e+02
-2.171654777605843378e+02
-2.171547749796802975e+02
-2.171547749796800133e+02
-2.171488791855742022e+02
-2.171008038150816333e+02

N=12, t_perp=0.100 
-2.221583720565283784e+02
-2.221583720229276366e+02
-2.221583720229272672e+02
-2.194518545420081068e+02
-2.194506734099506389e+02
-2.194506734099484788e+02
-2.194477210125290867e+02
-2.194477210125280635e+02
-2.194456517810943978e+02
-2.194332044155153483e+02
-2.194309028391175502e+02
-2.194309028391165555e+02
-2.194275198974930845e+02
-2.194275198974902423e+02
-2.194261414149944187e+02
-2.193755809601028091e+02
-2.193743195528619196e+02
-2.193743195528605838e+02
-2.193713731214673714e+02
-2.193713731214672009e+02
-2.193696168026225450e+02
-2.193180214551012455e+02
-2.193138046693278511e+02
-2.193138046693276806e+02
-2.193048139001476216e+02
-2.193048139001470247e+02
-2.192995219774856253e+02
-2.192618500313483310e+02
-2.192564323407685549e+02
-2.192564323407685549e+02
-2.192465435950176698e+02
-2.192465435950164192e+02
-2.192410946346815024e+02
-2.192133439088452178e+02
-2.192083962988557460e+02
-2.192083962988551491e+02
-2.191997156908171576e+02
-2.191997156908169870e+02
-2.191951004334238178e+02
-2.191593803570368948e+02

