N=5, t_perp=0.100 
-2.084889468336291429e+02
-2.084889468336277787e+02
-2.084760082170886051e+02
-2.066636185537749100e+02
-2.066002871092983355e+02
-2.066002871092970281e+02
-2.063440470942668696e+02
-2.063300183939675776e+02
-2.063300183939664691e+02
-2.061964956752346438e+02
-2.061964956752340754e+02
-2.061694156062948480e+02
-2.061021227264127731e+02
-2.061021227264125173e+02
-2.060331121670792811e+02
-2.051531018060898077e+02
-2.050961825142443615e+02
-2.050169358307677783e+02
-2.050169358307676077e+02
-2.049741224182609756e+02
-2.049741224182595545e+02
-2.048408233268883691e+02
-2.048408233268879144e+02
-2.048205032829236529e+02
-2.047478709916467494e+02
-2.047478709916465220e+02
-2.045971485967209844e+02
-2.044015787874762964e+02
-2.044015787874755006e+02
-2.043883324090913618e+02
-2.040058870330111063e+02
-2.039186201874757387e+02
-2.039186201874732092e+02
-2.037325477964571121e+02
-2.037325477964563731e+02
-2.036914479085795051e+02
-2.033888150608935916e+02
-2.033888150608928242e+02
-2.033475757531499823e+02
-2.033475757531486749e+02

N=6, t_perp=0.100 
-2.106070849411086101e+02
-2.105580205249093524e+02
-2.105580205249085282e+02
-2.087846613451877431e+02
-2.087846613451837356e+02
-2.085106454730975258e+02
-2.084831249107455733e+02
-2.084831249107452322e+02
-2.084447869700990452e+02
-2.083886473279029303e+02
-2.082992974157281481e+02
-2.082992974157276933e+02
-2.082837238226167074e+02
-2.082837238226158263e+02
-2.082797691926789412e+02
-2.080365402338254626e+02
-2.079675379246490081e+02
-2.079675379246481839e+02
-2.076784676141678574e+02
-2.076784676141666068e+02
-2.075368317319516791e+02
-2.072069966400455314e+02
-2.071686371185988662e+02
-2.071686371185985251e+02
-2.071391718213662330e+02
-2.071391718213643287e+02
-2.071150026638164263e+02
-2.070209650154873202e+02
-2.068811312545396390e+02
-2.068811312545390706e+02
-2.067959217482186318e+02
-2.067959217482180918e+02
-2.067606989360678540e+02
-2.066559737071833069e+02
-2.066559737071832785e+02
-2.066519546562047367e+02
-2.065522116984650722e+02
-2.064745631885566297e+02
-2.064745631885565160e+02
-2.063915209002435347e+02

N=7, t_perp=0.100 
-2.126759062934411020e+02
-2.126619919011380659e+02
-2.126619919011380375e+02
-2.107913712708603668e+02
-2.107913712708563594e+02
-2.106706623179389055e+02
-2.106344259118774289e+02
-2.106222171249434609e+02
-2.106222171249429778e+02
-2.104884143635664486e+02
-2.104377848121137333e+02
-2.104377848121127101e+02
-2.104223044375382017e+02
-2.104176065243391065e+02
-2.104176065243383960e+02
-2.102164430765282646e+02
-2.102033076323489240e+02
-2.102033076323485545e+02
-2.100064940258431534e+02
-2.100064940258404818e+02
-2.099391821847912070e+02
-2.098213040520650452e+02
-2.098166648860473060e+02
-2.098166648860469365e+02
-2.097585118035566154e+02
-2.097276028320614216e+02
-2.097276028320609669e+02
-2.093098014864443996e+02
-2.092505284466099909e+02
-2.092505284466098203e+02
-2.091875921088078769e+02
-2.091875921088077348e+02
-2.091173639033555389e+02
-2.090355212303075234e+02
-2.089694336198809026e+02
-2.089694336198782310e+02
-2.088868595403837674e+02
-2.088868595403826305e+02
-2.088696777152984225e+02
-2.088696777152972004e+02

N=8, t_perp=0.100 
-2.147589629794321979e+02
-2.147589629794269115e+02
-2.147577876020631606e+02
-2.127945572201025186e+02
-2.127945572201010407e+02
-2.127934317834276214e+02
-2.127557542685128453e+02
-2.126997517682638659e+02
-2.126997517682633827e+02
-2.126622543432706323e+02
-2.126622543432700922e+02
-2.126049981936077131e+02
-2.125917991431556402e+02
-2.125917991431542475e+02
-2.125785871013534631e+02
-2.122564053259560808e+02
-2.122499935020710495e+02
-2.122499935020706232e+02
-2.122448251968589830e+02
-2.122322802727921953e+02
-2.122322802727906321e+02
-2.120547344232774378e+02
-2.120538105083174685e+02
-2.120538105083161611e+02
-2.119822709348417220e+02
-2.119822709348411252e+02
-2.119416772516336493e+02
-2.119400410897176243e+02
-2.118701949292357369e+02
-2.118701949292339748e+02
-2.118269172194754617e+02
-2.118269172194744669e+02
-2.117972064024029351e+02
-2.113052126593506728e+02
-2.112789525774318520e+02
-2.112747484339915047e+02
-2.112747484339907089e+02
-2.112617261779667217e+02
-2.112617261779665512e+02
-2.110729374485642609e+02

N=9, t_perp=0.100 
-2.168540176229009262e+02
-2.168487368343582773e+02
-2.168487368343544688e+02
-2.148949147704370546e+02
-2.148949147704341556e+02
-2.148491718080715884e+02
-2.148152988486928336e+02
-2.148152988486919810e+02
-2.147624012437521799e+02
-2.147609574169246116e+02
-2.147420594718276732e+02
-2.147227488149396777e+02
-2.147227488149393935e+02
-2.147207810719548036e+02
-2.147207810719533825e+02
-2.144913440433785183e+02
-2.144487233197189653e+02
-2.144487233197181695e+02
-2.143368930043707792e+02
-2.143368930043676812e+02
-2.142661011589636075e+02
-2.142193349535133393e+02
-2.142098464294208782e+02
-2.142098464294199687e+02
-2.142085231253366260e+02
-2.141983794729105455e+02
-2.141983794729098349e+02
-2.141185409367784871e+02
-2.141185409367779755e+02
-2.141157048211505014e+02
-2.140915419579081060e+02
-2.140915419579081060e+02
-2.140888415487783334e+02
-2.139388489478192810e+02
-2.139005379890087113e+02
-2.139005379890080007e+02
-2.138077150701491291e+02
-2.138077150701478502e+02
-2.137670867793286789e+02
-2.133763878666450751e+02

N=10, t_perp=0.100 
-2.189438594791535593e+02
-2.189417674805544891e+02
-2.189417674805476963e+02
-2.169662835791966984e+02
-2.169662835791921509e+02
-2.169500911815582640e+02
-2.169126805888957392e+02
-2.169126805888945171e+02
-2.168680482628111861e+02
-2.168511460264239474e+02
-2.168421128907910429e+02
-2.168247419705522816e+02
-2.168247419705509458e+02
-2.168226970463498731e+02
-2.168226970463484236e+02
-2.166425848871018047e+02
-2.166059257760365142e+02
-2.166059257760351215e+02
-2.165008992818989952e+02
-2.165008992818942488e+02
-2.163950068916460054e+02
-2.163888992782057983e+02
-2.163302310178318066e+02
-2.163302310178314087e+02
-2.163011122813641407e+02
-2.163011122813636007e+02
-2.163002403859555045e+02
-2.162934773948704503e+02
-2.162869177299956220e+02
-2.162869177299946273e+02
-2.162855722740142141e+02
-2.162855722740127362e+02
-2.162705615921114486e+02
-2.162399944728913681e+02
-2.161910466811540346e+02
-2.161910466811534093e+02
-2.160924673174722841e+02
-2.160924673174721420e+02
-2.160303744282484217e+02
-2.159612933548540354e+02

N=11, t_perp=0.100 
-2.210344474463068423e+02
-2.210344474462931998e+02
-2.210344032532223650e+02
-2.190356144695475962e+02
-2.190326987168085395e+02
-2.190326987168047594e+02
-2.189969304921542346e+02
-2.189969304921536377e+02
-2.189965017029022931e+02
-2.189667480239637598e+02
-2.189610821862147247e+02
-2.189610821862136731e+02
-2.189251428828922030e+02
-2.189251428828904693e+02
-2.189121892200774369e+02
-2.186930616425839276e+02
-2.186823524166662764e+02
-2.186823524166661059e+02
-2.186560793022720759e+02
-2.186560793022694043e+02
-2.186420295629678492e+02
-2.185537286228198752e+02
-2.185250341411218926e+02
-2.185250341411193631e+02
-2.184610734750274332e+02
-2.184610734750266658e+02
-2.184282414614926893e+02
-2.184155460489010068e+02
-2.184063161899739214e+02
-2.184063161899730972e+02
-2.184010965014457213e+02
-2.184010965014444139e+02
-2.183938803753705713e+02
-2.183196734037068438e+02
-2.183194999571212236e+02
-2.183194999571210815e+02
-2.183135964839246697e+02
-2.183135964839231633e+02
-2.183133133298259736e+02
-2.182193125761793056e+02

N=12, t_perp=0.100 
-2.231267702226832910e+02
-2.231262155492031809e+02
-2.231262155491913006e+02
-2.211225470264321871e+02
-2.211225103421054712e+02
-2.211225103421019185e+02
-2.210967263907381550e+02
-2.210967263907380982e+02
-2.210737367005972089e+02
-2.210522631858864315e+02
-2.210390441691420449e+02
-2.210390441691411638e+02
-2.210387358265024886e+02
-2.210344237286537634e+02
-2.210344237286537066e+02
-2.208311234534556320e+02
-2.208097772954040465e+02
-2.208097772954039328e+02
-2.207557833459521532e+02
-2.207557833459519827e+02
-2.206980804375966159e+02
-2.206917850853090215e+02
-2.206506427923188767e+02
-2.206506427923162903e+02
-2.206304372383780503e+02
-2.206304372383768850e+02
-2.206295249549627613e+02
-2.205660108865488951e+02
-2.205660108865474740e+02
-2.205659140365330302e+02
-2.205527609717001098e+02
-2.205527609716995698e+02
-2.205450956478147475e+02
-2.204489979476594499e+02
-2.204371376217866612e+02
-2.204371376217863201e+02
-2.204115616913988731e+02
-2.204115616913975941e+02
-2.203942860307080878e+02
-2.203650671421240190e+02

