N=5, t_perp=0.100 
-2.088159611991066811e+02
-2.088159611991047768e+02
-2.087569120974797272e+02
-2.075650442274147736e+02
-2.074393894039180566e+02
-2.074393894039173745e+02
-2.068965543114052821e+02
-2.068888294435772366e+02
-2.068888294435770092e+02
-2.067335436529300239e+02
-2.067335436529299955e+02
-2.066841946885658672e+02
-2.065974751185312641e+02
-2.065974751185294167e+02
-2.065716320551656224e+02
-2.055262192394900183e+02
-2.055183936162167981e+02
-2.054737803667798346e+02
-2.054737803667793514e+02
-2.052038056113605080e+02
-2.052038056113597406e+02
-2.050734276379273808e+02
-2.050734276379256471e+02
-2.050131240287782362e+02
-2.049735676746449826e+02
-2.049735676746441868e+02
-2.049372174699485072e+02
-2.048807789012789158e+02
-2.048807789012784610e+02
-2.047745980371730070e+02
-2.045533298283011732e+02
-2.045533298283003489e+02
-2.045304122968069294e+02
-2.044034536337490806e+02
-2.043759243433771360e+02
-2.043759243433751465e+02
-2.040295559393605629e+02
-2.040295559393590565e+02
-2.039183877078822320e+02
-2.039183877078812941e+02

N=6, t_perp=0.100 
-2.110325538109084391e+02
-2.108701926200033085e+02
-2.108701926200026833e+02
-2.098526509187910278e+02
-2.098526509187865372e+02
-2.092369243976745281e+02
-2.091607167092780912e+02
-2.091587266513144243e+02
-2.091447043659983649e+02
-2.091447043659975407e+02
-2.089194040030881752e+02
-2.089194040030870667e+02
-2.089167548343368139e+02
-2.089136235383880376e+02
-2.089136235383859628e+02
-2.086236845315337405e+02
-2.086022171987400498e+02
-2.086022171987389981e+02
-2.081176455896656705e+02
-2.081176455896650452e+02
-2.078422153411144393e+02
-2.078216084050263817e+02
-2.076833821634343451e+02
-2.076833821634332651e+02
-2.076614867149484667e+02
-2.076135845533231929e+02
-2.075026049112076123e+02
-2.075026049112069302e+02
-2.074661465257672432e+02
-2.074661465257671580e+02
-2.073334852070955208e+02
-2.073139821944151890e+02
-2.073139821944149048e+02
-2.073118988330160164e+02
-2.073118988330159311e+02
-2.071071770798359637e+02
-2.070864953207081669e+02
-2.070770249043116848e+02
-2.069173107788650157e+02
-2.069173107788644757e+02

N=7, t_perp=0.100 
-2.131136758670812128e+02
-2.130536898906977683e+02
-2.130536898906967451e+02
-2.119045425106435232e+02
-2.119045425106341440e+02
-2.116221891774686696e+02
-2.115077368505396862e+02
-2.114164434340947878e+02
-2.114164434340934804e+02
-2.112653659889973028e+02
-2.111879723320477069e+02
-2.111879723320457458e+02
-2.111473216033253379e+02
-2.111458097560259546e+02
-2.111458097560243914e+02
-2.109406408158421584e+02
-2.109406408158421584e+02
-2.108676184816609407e+02
-2.105889221114173893e+02
-2.105827042530516167e+02
-2.105827042530504514e+02
-2.104207699742140676e+02
-2.103785120670575850e+02
-2.103785120670570166e+02
-2.102340343047178806e+02
-2.102150868872790568e+02
-2.102150868872788578e+02
-2.100747588476900489e+02
-2.100015993787938271e+02
-2.100015993787930313e+02
-2.098160448891329679e+02
-2.097529694089743373e+02
-2.097529694089742520e+02
-2.097327828375635761e+02
-2.097212951462205979e+02
-2.097212951462189210e+02
-2.096032893445467096e+02
-2.096032893445458285e+02
-2.095303684309059520e+02
-2.095168329661898383e+02

N=8, t_perp=0.100 
-2.152229807034016176e+02
-2.152229807034014470e+02
-2.152084480413359131e+02
-2.139645169151995105e+02
-2.139233744610509120e+02
-2.139233744610483257e+02
-2.136717666912059315e+02
-2.135972349924793150e+02
-2.135972349924784339e+02
-2.135605881565943207e+02
-2.135605881565915638e+02
-2.134503339621315661e+02
-2.134203457766042789e+02
-2.134203457766039946e+02
-2.134124746518840539e+02
-2.130862481739508496e+02
-2.130142846041367761e+02
-2.130142846041352698e+02
-2.129702834053517790e+02
-2.129702834053499600e+02
-2.129316898008341070e+02
-2.127206874625116200e+02
-2.127206874625113642e+02
-2.126582455016271069e+02
-2.126004067930466874e+02
-2.125976060919441579e+02
-2.125706793040098717e+02
-2.125706793040080242e+02
-2.124625135383989516e+02
-2.124625135383984968e+02
-2.124587049841204873e+02
-2.124587049841200610e+02
-2.123817365323117770e+02
-2.122945272402744195e+02
-2.122945272402730836e+02
-2.122823064558151600e+02
-2.121395506603960257e+02
-2.120388980814241506e+02
-2.120388980814237812e+02
-2.119286337030000311e+02

N=9, t_perp=0.100 
-2.173856461774419131e+02
-2.173492266069028176e+02
-2.173492266069002596e+02
-2.161291785032625512e+02
-2.161291785032542521e+02
-2.158656581465174895e+02
-2.158216244253253535e+02
-2.158056314329293173e+02
-2.158056314329287488e+02
-2.157615911222351599e+02
-2.156735974364316917e+02
-2.156531202423394120e+02
-2.156531202423375930e+02
-2.156482736215302225e+02
-2.156482736215282898e+02
-2.154220863446801957e+02
-2.153805258552996236e+02
-2.153805258552959287e+02
-2.151454376422701102e+02
-2.151454376422690302e+02
-2.150564339197956087e+02
-2.149669282244913404e+02
-2.149669282244911415e+02
-2.149526128769052775e+02
-2.149300843596436152e+02
-2.149000091799021277e+02
-2.149000091799015308e+02
-2.148386795076733335e+02
-2.148386795076717704e+02
-2.148321440487106884e+02
-2.148098235467844859e+02
-2.147614854674567937e+02
-2.147614854674559410e+02
-2.146156929848345669e+02
-2.146156929848339132e+02
-2.146138684489154969e+02
-2.145510160132041335e+02
-2.145309188946931442e+02
-2.145309188946928884e+02
-2.144496148981538397e+02

N=10, t_perp=0.100 
-2.195186869234323410e+02
-2.194996083755161749e+02
-2.194996083755143843e+02
-2.182244842514114396e+02
-2.182244842514009235e+02
-2.180483392392781354e+02
-2.180147496023484734e+02
-2.179851064151776541e+02
-2.179851064151764604e+02
-2.178983096035229892e+02
-2.178606576786024505e+02
-2.178378704730765776e+02
-2.178378704730752986e+02
-2.178356975589454123e+02
-2.178356975589453839e+02
-2.176514649554143546e+02
-2.176194424100275171e+02
-2.176194424100258686e+02
-2.174075033843343476e+02
-2.174075033843304823e+02
-2.173092020643898366e+02
-2.171821429987795966e+02
-2.171724465654389746e+02
-2.171724465654388041e+02
-2.171671660347044792e+02
-2.171148824971956515e+02
-2.171148824971949978e+02
-2.171088431207645328e+02
-2.171088431207640213e+02
-2.170946290963969716e+02
-2.170682417738559593e+02
-2.170682417738545666e+02
-2.170286848080004063e+02
-2.170201190491813463e+02
-2.169587400263545476e+02
-2.169587400263527002e+02
-2.167926483908708803e+02
-2.167739482861440194e+02
-2.167739482861436215e+02
-2.167620937896745659e+02

N=11, t_perp=0.100 
-2.216514453284226818e+02
-2.216514453284126489e+02
-2.216487362418737916e+02
-2.202899990598800457e+02
-2.202899990598737645e+02
-2.202814695835830037e+02
-2.201971726721412494e+02
-2.201328637858882189e+02
-2.201328637858878778e+02
-2.200997507678933687e+02
-2.200997507678931129e+02
-2.200613301600801321e+02
-2.200076507796046030e+02
-2.200076507796034093e+02
-2.199819588704515070e+02
-2.197529164278610665e+02
-2.197084693173230789e+02
-2.197084693173203505e+02
-2.197065276530270808e+02
-2.197065276530257734e+02
-2.196858083677404068e+02
-2.194418322886656938e+02
-2.194418322886638180e+02
-2.194318140398044932e+02
-2.193655742516764349e+02
-2.193536627529977352e+02
-2.193536627529965131e+02
-2.193390516535874326e+02
-2.193270552493571870e+02
-2.193270552493569880e+02
-2.193003937992566250e+02
-2.193003937992556871e+02
-2.192883372321088302e+02
-2.191568181212152808e+02
-2.191546729734267558e+02
-2.191546729734265284e+02
-2.191322477283638364e+02
-2.191322477283607952e+02
-2.191037041971650581e+02
-2.189997561789630538e+02

N=12, t_perp=0.100 
-2.238000601605500606e+02
-2.237924974134211880e+02
-2.237924974134205911e+02
-2.224435782773165897e+02
-2.224435782773042263e+02
-2.223527860941223935e+02
-2.223070363509391143e+02
-2.223070363509389722e+02
-2.222883206089599639e+02
-2.222398282155115794e+02
-2.222392233440257598e+02
-2.222026515508534317e+02
-2.222026515508528348e+02
-2.222013402266981359e+02
-2.222013402266960327e+02
-2.219943694817440303e+02
-2.219609460603629145e+02
-2.219609460603619766e+02
-2.218399852459292276e+02
-2.218399852459271813e+02
-2.217743095865704106e+02
-2.216584318155246933e+02
-2.216584318155213396e+02
-2.216533945619580095e+02
-2.216452988574955043e+02
-2.216250720345632885e+02
-2.216250720345620095e+02
-2.215687749525347385e+02
-2.215687749525336301e+02
-2.215638801464217806e+02
-2.215516750635624987e+02
-2.215262033404523550e+02
-2.215262033404516728e+02
-2.213832261059706639e+02
-2.213781153045779035e+02
-2.213781153045765109e+02
-2.212908297444050731e+02
-2.212908297444020604e+02
-2.212733296985151128e+02
-2.212368236310325642e+02

