N=5, t_perp=0.100 
-2.098069601737157086e+02
-2.098069601737155665e+02
-2.097102930015165612e+02
-2.087528798744596372e+02
-2.085738377000160710e+02
-2.085738377000154458e+02
-2.078014556048856321e+02
-2.077985314563703128e+02
-2.077985314563695169e+02
-2.076409477752292219e+02
-2.076409477752278860e+02
-2.075958125481903949e+02
-2.074656541292997645e+02
-2.074656541292995371e+02
-2.074255482267144259e+02
-2.061638009076631022e+02
-2.061497062309958608e+02
-2.061497062309940418e+02
-2.061496325337168685e+02
-2.057904119298600847e+02
-2.057904119298595731e+02
-2.056765482670351446e+02
-2.056765482670347751e+02
-2.056706726155882734e+02
-2.055012733507548148e+02
-2.055012733507534790e+02
-2.054315912449027621e+02
-2.054315912449011705e+02
-2.054308744215839226e+02
-2.054158138418858073e+02
-2.051936186569193126e+02
-2.051634187560690634e+02
-2.051634187560686087e+02
-2.051387613444540534e+02
-2.051387613444533713e+02
-2.050017188684430778e+02
-2.046510294660378406e+02
-2.046510294660376701e+02
-2.045070553110830076e+02
-2.045070553110826097e+02

N=6, t_perp=0.100 
-2.123099199382334916e+02
-2.118942059109280649e+02
-2.118942059109274680e+02
-2.115199501521927630e+02
-2.115199501521922798e+02
-2.104498381190441023e+02
-2.104028836549865957e+02
-2.103783710514268535e+02
-2.103517621632570354e+02
-2.103517621632565238e+02
-2.100543648370973244e+02
-2.100543648370972107e+02
-2.100453534659240518e+02
-2.100453534659235117e+02
-2.100427435242483227e+02
-2.097674181803412807e+02
-2.097514153650851085e+02
-2.097514153650844548e+02
-2.090146907301296721e+02
-2.090146907301281942e+02
-2.088722915133868412e+02
-2.088564607424087001e+02
-2.088564607424078190e+02
-2.087105119141226055e+02
-2.087019734684662922e+02
-2.086413295736833220e+02
-2.085059200524476637e+02
-2.085059200524467542e+02
-2.082592063580261765e+02
-2.082592063580258923e+02
-2.082382052084718680e+02
-2.081547897718924105e+02
-2.081547897718923821e+02
-2.081037057566004194e+02
-2.081037057566002204e+02
-2.080972222282458972e+02
-2.079985523420796483e+02
-2.079698296320375164e+02
-2.079698296320362942e+02
-2.079439636849390638e+02

N=7, t_perp=0.100 
-2.145339377959006129e+02
-2.143760177679100991e+02
-2.143760177679070011e+02
-2.137482083654316511e+02
-2.137482083654242899e+02
-2.133538503348485733e+02
-2.130026191928650405e+02
-2.129129771673832181e+02
-2.129129771673830476e+02
-2.127189548711575640e+02
-2.126283806011460626e+02
-2.126283806011452668e+02
-2.125448153281600980e+02
-2.125448153281600696e+02
-2.125349961360152804e+02
-2.123250321679243484e+02
-2.123250321679230410e+02
-2.121344205394883033e+02
-2.119577396054762062e+02
-2.117968154285201194e+02
-2.117968154285183857e+02
-2.117505330143183073e+02
-2.116858441783028582e+02
-2.116858441783005844e+02
-2.116230500026150025e+02
-2.115086868973250489e+02
-2.115086868973238268e+02
-2.112975022467246333e+02
-2.112975022467237807e+02
-2.112557509349597638e+02
-2.110793117929581513e+02
-2.110793117929579239e+02
-2.110722231276145919e+02
-2.110577527792461296e+02
-2.110166850348414584e+02
-2.110166850348410321e+02
-2.108969861506322729e+02
-2.108326398268747823e+02
-2.108326398268746402e+02
-2.107704009698790344e+02

N=8, t_perp=0.100 
-2.167916116359399439e+02
-2.167916116359382954e+02
-2.167350954808709389e+02
-2.160945972859909148e+02
-2.159857520591284015e+02
-2.159857520591202160e+02
-2.154277668350747490e+02
-2.153416366142554921e+02
-2.153416366142552647e+02
-2.153121919027817057e+02
-2.153121919027815920e+02
-2.151387132481055460e+02
-2.151284901535306346e+02
-2.151195807833366871e+02
-2.151195807833366302e+02
-2.147217357931347408e+02
-2.146078827853539508e+02
-2.146078827853525013e+02
-2.144584107896394300e+02
-2.144584107896384637e+02
-2.144003603350364813e+02
-2.142737747686067848e+02
-2.142737747686045964e+02
-2.141787281539390904e+02
-2.141610090958779438e+02
-2.141523400389497169e+02
-2.141523400389482674e+02
-2.140774254895640638e+02
-2.140649856640333155e+02
-2.140321785772622718e+02
-2.140321785772612202e+02
-2.139523602152263777e+02
-2.139523602152260082e+02
-2.137949394417577196e+02
-2.137949394417570659e+02
-2.137783903384991504e+02
-2.136086670992862651e+02
-2.136086670992849292e+02
-2.135984039989086227e+02
-2.135878012323829580e+02

N=9, t_perp=0.100 
-2.192177728407503992e+02
-2.190097133044225757e+02
-2.190097133044138786e+02
-2.186053464058778957e+02
-2.186053464058696250e+02
-2.179928707257031135e+02
-2.178872925217299326e+02
-2.178213869719837987e+02
-2.178213869719794786e+02
-2.177862506414180359e+02
-2.176064441739014796e+02
-2.175994363654467634e+02
-2.175994363654452286e+02
-2.175925489459713731e+02
-2.175925489459712026e+02
-2.173851055282077027e+02
-2.173387638887122932e+02
-2.173387638887099627e+02
-2.168705871691725520e+02
-2.168705871691687435e+02
-2.168131127203282915e+02
-2.167621668550527829e+02
-2.167389946355681047e+02
-2.167389946355675647e+02
-2.167033420877058916e+02
-2.166802793390081661e+02
-2.166802793390067166e+02
-2.166670763792810988e+02
-2.166075444012818991e+02
-2.165935202655595333e+02
-2.165935202655591354e+02
-2.165669777837317440e+02
-2.165669777837314882e+02
-2.164060610138259051e+02
-2.163643087099041793e+02
-2.163643087099030993e+02
-2.163251513495608549e+02
-2.163251513495598886e+02
-2.163008037918091304e+02
-2.162027190569299364e+02

N=10, t_perp=0.100 
-2.215080940717693636e+02
-2.213886038787889277e+02
-2.213886038787844370e+02
-2.209047989018282010e+02
-2.209047989018120859e+02
-2.205605309881229061e+02
-2.203234200055578924e+02
-2.202552340901490311e+02
-2.202552340901444552e+02
-2.201462830079491368e+02
-2.200620995285852359e+02
-2.200620995285848664e+02
-2.200416416996406497e+02
-2.200309012069670302e+02
-2.200309012069667176e+02
-2.197934409287992992e+02
-2.197934409287980202e+02
-2.197692369700658901e+02
-2.194401374986407234e+02
-2.194401374986350390e+02
-2.194362985668333863e+02
-2.192953292306583251e+02
-2.192614964516085934e+02
-2.192553053530213276e+02
-2.192553053530201623e+02
-2.191884295170694372e+02
-2.191884295170683572e+02
-2.190794995865591375e+02
-2.190295362733854745e+02
-2.190229449962792216e+02
-2.190229449962769763e+02
-2.190032913025909238e+02
-2.190032913025906396e+02
-2.189446618084653551e+02
-2.189446618084646730e+02
-2.189227757298158679e+02
-2.189227757298143331e+02
-2.188931428512328523e+02
-2.188577846382071925e+02
-2.187545111668416382e+02

N=11, t_perp=0.100 
-2.237793966445532590e+02
-2.237793966445515252e+02
-2.237528212698647110e+02
-2.231925606282922274e+02
-2.231405786901735269e+02
-2.231405786901639487e+02
-2.227142434743388151e+02
-2.226270110198942689e+02
-2.226270110198939847e+02
-2.226151848492104079e+02
-2.226151848492085890e+02
-2.224957141735950472e+02
-2.224642763517508115e+02
-2.224642763517494757e+02
-2.224419413199462667e+02
-2.221897855847883250e+02
-2.220750811104698528e+02
-2.220750811104661011e+02
-2.220258120942089874e+02
-2.220258120942064011e+02
-2.219580918889189149e+02
-2.217477853186315144e+02
-2.217351874756981545e+02
-2.217351874756972450e+02
-2.217193736255829606e+02
-2.216975600674183795e+02
-2.216975600674176405e+02
-2.215896276479809046e+02
-2.215896276479786593e+02
-2.215688564529621942e+02
-2.215374898060326530e+02
-2.215374898060322835e+02
-2.215272543730076222e+02
-2.214262050799880797e+02
-2.214262050799864312e+02
-2.214175058979132587e+02
-2.212947800913581489e+02
-2.212748073120281731e+02
-2.212679032835449107e+02
-2.212679032835443991e+02

N=12, t_perp=0.100 
-2.261664360293878815e+02
-2.260609009638020268e+02
-2.260609009637969393e+02
-2.256166409449267576e+02
-2.256166409449085108e+02
-2.252583975953669437e+02
-2.251117174344321654e+02
-2.250571591644668672e+02
-2.250571591644668104e+02
-2.249954824716579651e+02
-2.249120110618896717e+02
-2.248913274309694543e+02
-2.248913274309675501e+02
-2.248902940670846817e+02
-2.248902940670836870e+02
-2.247075915781616970e+02
-2.246616957889709454e+02
-2.246616957889626178e+02
-2.243561302475418699e+02
-2.243561302475308423e+02
-2.243008203610903593e+02
-2.242118454141867971e+02
-2.242015557764456730e+02
-2.242015557764441667e+02
-2.241743154101897915e+02
-2.241334669268097173e+02
-2.241334669268078699e+02
-2.241073317907586784e+02
-2.240439937971344477e+02
-2.240325368201579010e+02
-2.240325368201575316e+02
-2.240292191971066416e+02
-2.240292191971047373e+02
-2.239251905168920302e+02
-2.239011900686192860e+02
-2.239011900686161312e+02
-2.238007948859211922e+02
-2.238007948859197427e+02
-2.237883973495461589e+02
-2.237543582019671078e+02

