N=5, t_perp=0.100 
-2.092383476108340972e+02
-2.092383476108330171e+02
-2.090656419851268026e+02
-2.082145678370366397e+02
-2.079434820788139575e+02
-2.079434820788111153e+02
-2.075496005802170316e+02
-2.075496005802145589e+02
-2.073135571076484212e+02
-2.072686230978727338e+02
-2.071827533685342075e+02
-2.071515200641386230e+02
-2.071515200641378271e+02
-2.071355162127447329e+02
-2.071355162127435108e+02
-2.066772351635012228e+02
-2.064364966861545554e+02
-2.064364966861512585e+02
-2.061390118117800512e+02
-2.060604225725388403e+02
-2.060358932756134891e+02
-2.060358932756133186e+02
-2.058180172097792422e+02
-2.058180172097779632e+02
-2.056062649760027625e+02
-2.055524714494642069e+02
-2.055524714494634964e+02
-2.055132335593604580e+02
-2.055132335593596054e+02
-2.053149588005623798e+02
-2.051744376695370988e+02
-2.051744376695368999e+02
-2.048312670879394375e+02
-2.048312670879386985e+02
-2.047431410424154024e+02
-2.047309932098232821e+02
-2.047309932098231116e+02
-2.046321963377324096e+02
-2.045589562820110530e+02
-2.043555725435744534e+02

N=6, t_perp=0.100 
-2.115653670868698555e+02
-2.112214148925098698e+02
-2.112214148925046970e+02
-2.106403777425521469e+02
-2.106403777425467467e+02
-2.098977689303751788e+02
-2.098527858084522677e+02
-2.097580267976973118e+02
-2.097428970250769567e+02
-2.097428970250759903e+02
-2.097330429154532112e+02
-2.097330429154528417e+02
-2.095476469439966536e+02
-2.095252329649487706e+02
-2.095252329649469516e+02
-2.092167025828325109e+02
-2.092167025828323403e+02
-2.090881111921470392e+02
-2.087480370807267605e+02
-2.087480370807253962e+02
-2.087471552144195073e+02
-2.085870433962085428e+02
-2.085457863014187865e+02
-2.085457863014173654e+02
-2.083859310929007904e+02
-2.083810379747027923e+02
-2.083810379747018828e+02
-2.082591692860306125e+02
-2.082465597012503338e+02
-2.082465597012501917e+02
-2.081844132527097315e+02
-2.081844132527090778e+02
-2.080747043793284661e+02
-2.080116005735431770e+02
-2.079633561613631230e+02
-2.079633561613627535e+02
-2.079521474361998230e+02
-2.079521474361996241e+02
-2.079048422669914373e+02
-2.076842839421770464e+02

N=7, t_perp=0.100 
-2.136704401381604441e+02
-2.135161075480703232e+02
-2.135161075480666568e+02
-2.128066596303947335e+02
-2.128066596303837912e+02
-2.123849148013983950e+02
-2.122920629587191854e+02
-2.120923303131036732e+02
-2.120923303131012858e+02
-2.119635451987608121e+02
-2.119083976376750797e+02
-2.119083976376748240e+02
-2.118787132127663995e+02
-2.118787132127658595e+02
-2.117888835860298400e+02
-2.117269182438820110e+02
-2.117269182438803909e+02
-2.115370464598993010e+02
-2.113681919720023643e+02
-2.112917626933300141e+02
-2.112314440741845942e+02
-2.112314440741843953e+02
-2.111638506511836795e+02
-2.111638506511834237e+02
-2.110830025365960125e+02
-2.109854248513859147e+02
-2.109854248513852042e+02
-2.108902465432118447e+02
-2.108902465432104236e+02
-2.107752394009518468e+02
-2.107509391087264987e+02
-2.107509391087257029e+02
-2.106610256398111289e+02
-2.106610256398097647e+02
-2.106575836722087445e+02
-2.105621366114023658e+02
-2.104345658330393860e+02
-2.104299638077276313e+02
-2.103798040472369451e+02
-2.103798040472345861e+02

N=8, t_perp=0.100 
-2.158043196606534764e+02
-2.158043196606528227e+02
-2.157191746445838021e+02
-2.150086231916968131e+02
-2.148558832659313964e+02
-2.148558832659273037e+02
-2.144612998505778307e+02
-2.144612998505760970e+02
-2.144304259239901285e+02
-2.143289851579275478e+02
-2.143289851579248477e+02
-2.142706896845890299e+02
-2.142114907780003819e+02
-2.142114907780002397e+02
-2.141984130591013127e+02
-2.138888568946772466e+02
-2.138352608807882120e+02
-2.138352608807845741e+02
-2.137948530766805391e+02
-2.137633199425191890e+02
-2.137633199425188479e+02
-2.136112272580714944e+02
-2.136112272580703006e+02
-2.135101919489653426e+02
-2.134791635713891367e+02
-2.134222016309175274e+02
-2.133172015762630735e+02
-2.133172015762628746e+02
-2.133089824774544354e+02
-2.133089824774541512e+02
-2.132993771587901790e+02
-2.132852721571268546e+02
-2.131796453739186177e+02
-2.131796453739185324e+02
-2.131406506830369665e+02
-2.131406506830367675e+02
-2.130516587452152919e+02
-2.130516587452141266e+02
-2.129623180235014104e+02
-2.129525085964843356e+02

N=9, t_perp=0.100 
-2.180563734953200594e+02
-2.179264985896122369e+02
-2.179264985896105884e+02
-2.172565290104193707e+02
-2.172565290104070357e+02
-2.168155223948863011e+02
-2.167822003083076652e+02
-2.167126795268920318e+02
-2.166812571367497640e+02
-2.166812571367493376e+02
-2.165882338193280532e+02
-2.165882338193252110e+02
-2.165505447070617606e+02
-2.165316583576184541e+02
-2.165316583576172604e+02
-2.162467392858535504e+02
-2.162467392858515325e+02
-2.161886848046262344e+02
-2.159847990401408140e+02
-2.159847990401370623e+02
-2.159504109628234687e+02
-2.159504109628232129e+02
-2.159171616252594674e+02
-2.159136934381652395e+02
-2.158513387716839702e+02
-2.158028861761342228e+02
-2.158028861761337680e+02
-2.157577608232984403e+02
-2.156711812149075058e+02
-2.156711812149056584e+02
-2.156474408993434508e+02
-2.156060324391833092e+02
-2.156060324391829681e+02
-2.156025366591574937e+02
-2.156025366591573800e+02
-2.155368374571374943e+02
-2.154559981931839445e+02
-2.154559981931830919e+02
-2.154272021193363003e+02
-2.154137829189267848e+02

N=10, t_perp=0.100 
-2.202344376262764740e+02
-2.201446859007197929e+02
-2.201446859007191108e+02
-2.194477807550464377e+02
-2.194477807550379396e+02
-2.191086366128511145e+02
-2.190791001776158851e+02
-2.189450553063919358e+02
-2.189450553063873883e+02
-2.189027025476523818e+02
-2.188402973250138075e+02
-2.188402973250125285e+02
-2.187916208707697763e+02
-2.187916208707674741e+02
-2.187841070839548934e+02
-2.186369913866701609e+02
-2.186369913866651302e+02
-2.185900842946944636e+02
-2.182904852724084321e+02
-2.182904852724001046e+02
-2.182800055092936873e+02
-2.182108397609748920e+02
-2.181460645203954130e+02
-2.181460645203932245e+02
-2.181082221764592646e+02
-2.181082221764587530e+02
-2.180818690108215492e+02
-2.180765643637614346e+02
-2.180765643637609799e+02
-2.180486946960883472e+02
-2.179883883114345622e+02
-2.179883883114333969e+02
-2.179549579456516426e+02
-2.179542935954804364e+02
-2.179346684548773680e+02
-2.179346684548762596e+02
-2.178630958102010311e+02
-2.178246343711732322e+02
-2.178246343711722091e+02
-2.177816539111051384e+02

N=11, t_perp=0.100 
-2.223912457527770812e+02
-2.223912457527736137e+02
-2.223578399184357579e+02
-2.216045362633014406e+02
-2.215353128223984243e+02
-2.215353128223892725e+02
-2.212546293244948856e+02
-2.212302608049502339e+02
-2.212302608049475054e+02
-2.211657925791128605e+02
-2.211657925791087109e+02
-2.211154745695669419e+02
-2.210492716405323392e+02
-2.210492716405277633e+02
-2.210071969327728993e+02
-2.208478040553071367e+02
-2.207573140076007405e+02
-2.207573140075962783e+02
-2.207195103066091235e+02
-2.207195103066086403e+02
-2.207142873498840174e+02
-2.205126199693685862e+02
-2.205126199693685010e+02
-2.204513537726834329e+02
-2.204442323783830204e+02
-2.203613413226195235e+02
-2.203613413226192677e+02
-2.203296446532164907e+02
-2.203071356424250951e+02
-2.203071356424231055e+02
-2.202950566286142475e+02
-2.202587281730739619e+02
-2.202465965830973005e+02
-2.202465965830946004e+02
-2.202447525916558959e+02
-2.202447525916552706e+02
-2.201666650932589562e+02
-2.201666650932579614e+02
-2.201543443255243346e+02
-2.201543443255228283e+02

N=12, t_perp=0.100 
-2.246114548690752883e+02
-2.245668269709402693e+02
-2.245668269709350113e+02
-2.238143793192140549e+02
-2.238143793192002136e+02
-2.235919759656040071e+02
-2.235180974368831244e+02
-2.234554877631065892e+02
-2.234554877631047987e+02
-2.234318350372657278e+02
-2.233649332816804076e+02
-2.233503027953882736e+02
-2.233503027953831861e+02
-2.233465810492127730e+02
-2.233465810492085950e+02
-2.230895847553796614e+02
-2.230895847553709075e+02
-2.230672002382978008e+02
-2.229289647055018122e+02
-2.229289647054967816e+02
-2.228643897532730591e+02
-2.228087066500603726e+02
-2.228087066500599747e+02
-2.227899817720157216e+02
-2.227390436103016782e+02
-2.227238856335473827e+02
-2.227238856335470132e+02
-2.226902346280993754e+02
-2.226108228167382777e+02
-2.226108228167378797e+02
-2.225742142658421869e+02
-2.225653554966228000e+02
-2.225653554966227432e+02
-2.225609014898903695e+02
-2.225433987781713085e+02
-2.225433987781702001e+02
-2.224440168047173643e+02
-2.224165030682550537e+02
-2.224165030682541442e+02
-2.223693101995054349e+02

