N=5, t_perp=0.100 
-2.089471329220447728e+02
-2.089471329220440623e+02
-2.088435785106779008e+02
-2.078403257207443176e+02
-2.076612005458810017e+02
-2.076612005458810017e+02
-2.071341391283619089e+02
-2.071341391283616247e+02
-2.070632263226239331e+02
-2.068926485582474584e+02
-2.068926485582472026e+02
-2.068860626089757488e+02
-2.068170454441736865e+02
-2.067932587218354001e+02
-2.067932587218349454e+02
-2.059937535601730758e+02
-2.058983625063514182e+02
-2.058983625063506793e+02
-2.057659944884628374e+02
-2.054430502519898312e+02
-2.054203498308528424e+02
-2.054203498308525866e+02
-2.052869989768141181e+02
-2.052869989768137202e+02
-2.052773497534418254e+02
-2.052773497534407170e+02
-2.050734033490225841e+02
-2.050683722034297602e+02
-2.050683722034289076e+02
-2.049472731824016023e+02
-2.048669292334946590e+02
-2.048669292334932095e+02
-2.046349731456936922e+02
-2.046056071743276448e+02
-2.046056071743272184e+02
-2.046037610922307124e+02
-2.044132281856391273e+02
-2.044132281856385873e+02
-2.042753347542598021e+02
-2.041123785521068044e+02

N=6, t_perp=0.100 
-2.111950089353129272e+02
-2.109742056331823505e+02
-2.109742056331821800e+02
-2.101694436196377467e+02
-2.101694436196300728e+02
-2.094869548116514864e+02
-2.094217710264147740e+02
-2.094163016612807269e+02
-2.093565293693354192e+02
-2.093565293693353340e+02
-2.091936180553331326e+02
-2.091936180553324789e+02
-2.091700181632710951e+02
-2.091475418225186900e+02
-2.091475418225183489e+02
-2.088338066945464959e+02
-2.088338066945443359e+02
-2.087959740803992759e+02
-2.083458562241416132e+02
-2.083458562241414711e+02
-2.082144411242492481e+02
-2.080253455053799598e+02
-2.079918789394360488e+02
-2.079918789394357930e+02
-2.079773510344200531e+02
-2.079214347160889815e+02
-2.079139783105789263e+02
-2.079139783105787842e+02
-2.077473171718851574e+02
-2.077473171718849869e+02
-2.076759381796088348e+02
-2.076759381796066180e+02
-2.074729858039611656e+02
-2.074729858039609951e+02
-2.074402216009472966e+02
-2.074286512168388299e+02
-2.074170132512201405e+02
-2.073877442881690172e+02
-2.073085561077915600e+02
-2.073085561077912473e+02

N=7, t_perp=0.100 
-2.132806339777297637e+02
-2.131880709831696947e+02
-2.131880709831695526e+02
-2.122625408928859940e+02
-2.122625408928781496e+02
-2.119223570777487282e+02
-2.117961766054392854e+02
-2.116604991308034869e+02
-2.116604991308002468e+02
-2.115233126827936871e+02
-2.114415715358531713e+02
-2.114415715358520060e+02
-2.114214636532785505e+02
-2.114214636532782947e+02
-2.114020285876452476e+02
-2.112358497176475396e+02
-2.112358497176474543e+02
-2.111218275491352188e+02
-2.108368296721128274e+02
-2.108116577871143988e+02
-2.108116577871140578e+02
-2.107783350483871061e+02
-2.106446376263237994e+02
-2.106446376263234015e+02
-2.104741683842282498e+02
-2.104741683842252371e+02
-2.104740677838383363e+02
-2.104093506047994993e+02
-2.103511060335008551e+02
-2.103511060335004572e+02
-2.101266552628839861e+02
-2.101266552628836735e+02
-2.101166096906595158e+02
-2.101069494810552385e+02
-2.101069494810551816e+02
-2.100411977830180490e+02
-2.098792883757101606e+02
-2.098786664687078201e+02
-2.098758535836484214e+02
-2.098758535836480519e+02

N=8, t_perp=0.100 
-2.153922773475351562e+02
-2.153922773475333372e+02
-2.153580340471569059e+02
-2.143673074725307117e+02
-2.142911101966481908e+02
-2.142911101966417391e+02
-2.139550620310284046e+02
-2.139072400326134868e+02
-2.139072400326116963e+02
-2.138431480447626143e+02
-2.138431480447624153e+02
-2.137547746832647420e+02
-2.136996772169043197e+02
-2.136996772169034671e+02
-2.136854864879701381e+02
-2.133928716425307641e+02
-2.133180793225217258e+02
-2.133180793225213847e+02
-2.132601209158159179e+02
-2.132601209158146958e+02
-2.132127653735758201e+02
-2.130319113053439253e+02
-2.130319113053425610e+02
-2.129508738176104146e+02
-2.129159292551559872e+02
-2.128771675410084754e+02
-2.128155940983868106e+02
-2.128155940983852759e+02
-2.127656561153578707e+02
-2.127656561153575865e+02
-2.127031739377950430e+02
-2.127031739377949577e+02
-2.126810523944207887e+02
-2.126636096182644451e+02
-2.126234167119800702e+02
-2.126234167119799281e+02
-2.124555417579761070e+02
-2.124408004924005695e+02
-2.124408004923999158e+02
-2.123265786685658725e+02

N=9, t_perp=0.100 
-2.175795882573439144e+02
-2.175188149924846925e+02
-2.175188149924829588e+02
-2.165530395242516590e+02
-2.165530395242439852e+02
-2.162112261863229037e+02
-2.161968356651770193e+02
-2.161216408697918041e+02
-2.161216408697915483e+02
-2.160990560393145756e+02
-2.159981940806443106e+02
-2.159803198509977449e+02
-2.159803198509971764e+02
-2.159675180796673146e+02
-2.159675180796664336e+02
-2.157017350515079670e+02
-2.156966126969380753e+02
-2.156966126969359721e+02
-2.154456710569524773e+02
-2.154456710569499762e+02
-2.153744602178872469e+02
-2.153154636556853347e+02
-2.153154636556818673e+02
-2.152771189679824317e+02
-2.152612697786489093e+02
-2.151991340363309178e+02
-2.151991340363306051e+02
-2.151595918576353483e+02
-2.151196582918090883e+02
-2.151196582918084346e+02
-2.150576793783735070e+02
-2.150338082900750294e+02
-2.150338082900736367e+02
-2.149883789003160359e+02
-2.149865153203093655e+02
-2.149865153203086265e+02
-2.148841191256367722e+02
-2.148687043893309578e+02
-2.148687043893303326e+02
-2.148061839492047227e+02

N=10, t_perp=0.100 
-2.197254816991585926e+02
-2.196879739195194929e+02
-2.196879739195182992e+02
-2.186765556749976156e+02
-2.186765556749873838e+02
-2.184177179512568614e+02
-2.184150379262236754e+02
-2.183302262907158990e+02
-2.183302262907137674e+02
-2.182568665858602515e+02
-2.182008569839720735e+02
-2.181895192373440580e+02
-2.181895192373408179e+02
-2.181762811042455894e+02
-2.181762811042443104e+02
-2.179978002160747508e+02
-2.179853394833366735e+02
-2.179853394833345988e+02
-2.177205231455913292e+02
-2.177205231455887144e+02
-2.176250552985979141e+02
-2.175683897702793672e+02
-2.175029330619020698e+02
-2.175029330619010182e+02
-2.174700546164451964e+02
-2.174631181677086147e+02
-2.174631181677078473e+02
-2.174327057100182685e+02
-2.174327057100178706e+02
-2.174025299901514927e+02
-2.173771532158015702e+02
-2.173771532157997228e+02
-2.173521895450257944e+02
-2.173128870747866870e+02
-2.172917696128558873e+02
-2.172917696128538125e+02
-2.172783938548134586e+02
-2.171781182347472452e+02
-2.171781182347465631e+02
-2.171092152689465138e+02

N=11, t_perp=0.100 
-2.218649522576424431e+02
-2.218649522576420452e+02
-2.218560590441255442e+02
-2.207587905346208004e+02
-2.207432808398444024e+02
-2.207432808398376380e+02
-2.205756562936235525e+02
-2.205191305388185583e+02
-2.205191305388142951e+02
-2.204770448894173285e+02
-2.204770448894145716e+02
-2.204368483475146832e+02
-2.203715902516849212e+02
-2.203715902516845233e+02
-2.203390500496946629e+02
-2.201468558670753737e+02
-2.200811114498135908e+02
-2.200811114498129371e+02
-2.200763633675558424e+02
-2.200763633675552171e+02
-2.200364976556281533e+02
-2.197979797842658058e+02
-2.197979797842654079e+02
-2.197711723183549282e+02
-2.197425905562586195e+02
-2.196819145043499475e+02
-2.196819145043494643e+02
-2.196708869863279290e+02
-2.196694576199978997e+02
-2.196694576199967344e+02
-2.196251248869727988e+02
-2.196223500990691093e+02
-2.196223500990685693e+02
-2.195342404644526937e+02
-2.195342404644519831e+02
-2.195199246025315460e+02
-2.194818746662926969e+02
-2.194818746662926401e+02
-2.194410777169771904e+02
-2.194410777169759967e+02

N=12, t_perp=0.100 
-2.240329965364394411e+02
-2.240179942925803118e+02
-2.240179942925760770e+02
-2.229277045317793124e+02
-2.229277045317658690e+02
-2.227621618135552524e+02
-2.227553327589278922e+02
-2.227110894879674561e+02
-2.227110894879655234e+02
-2.226517437806786006e+02
-2.226379682346785103e+02
-2.226023913268647334e+02
-2.226023913268610670e+02
-2.226006690428439754e+02
-2.226006690428425827e+02
-2.223742600439291834e+02
-2.223589286466316537e+02
-2.223589286466273336e+02
-2.222243749483588147e+02
-2.222243749483534430e+02
-2.221657448042954570e+02
-2.220510459481918133e+02
-2.220510459481888290e+02
-2.220245498575266652e+02
-2.220212109731908470e+02
-2.219901937681369191e+02
-2.219901937681349864e+02
-2.219405933832063624e+02
-2.219239750352204794e+02
-2.219239750352178930e+02
-2.219126619608021258e+02
-2.218720891126487231e+02
-2.218720891126481831e+02
-2.217627766517617829e+02
-2.217627766517584291e+02
-2.217053697218622972e+02
-2.217051397220084539e+02
-2.216793178188356137e+02
-2.216659358591425644e+02
-2.216659358591421096e+02

