N=5, t_perp=0.100 
-2.084053243386432541e+02
-2.084053243386422025e+02
-2.083855493426001999e+02
-2.065537416050064223e+02
-2.065104793706306339e+02
-2.065104793706277917e+02
-2.062746280458032686e+02
-2.062550963232948220e+02
-2.062550963232945378e+02
-2.061104944127987721e+02
-2.061104944127981753e+02
-2.060540440759297951e+02
-2.060224335413649612e+02
-2.060221107052669538e+02
-2.060221107052659590e+02
-2.052147565325606422e+02
-2.052027250305385451e+02
-2.051093199503473556e+02
-2.051093199503466735e+02
-2.050235763929511279e+02
-2.050235763929491952e+02
-2.048829251922388153e+02
-2.048829251922383605e+02
-2.048778314151467157e+02
-2.047647661831976507e+02
-2.047647661831971106e+02
-2.045725069198658446e+02
-2.043166205543306262e+02
-2.043166205543298020e+02
-2.042769145147962035e+02
-2.040383448185378938e+02
-2.039836850774100867e+02
-2.039836850774099730e+02
-2.037252418262779656e+02
-2.036914406549512933e+02
-2.036914406549511511e+02
-2.035079379300142932e+02
-2.035079379300134121e+02
-2.033678927677317461e+02
-2.033315849277625489e+02

N=6, t_perp=0.100 
-2.104948871656754648e+02
-2.104609800805120869e+02
-2.104609800805116606e+02
-2.086314630113299415e+02
-2.086314630113257635e+02
-2.084315853613713614e+02
-2.083530569956864440e+02
-2.083530569956847103e+02
-2.083450617673404395e+02
-2.082875200072100199e+02
-2.082332828534628675e+02
-2.082180411288735513e+02
-2.082180411288730681e+02
-2.082041489141723218e+02
-2.082041489141719239e+02
-2.079147527511455280e+02
-2.078741462956096484e+02
-2.078741462956069768e+02
-2.076315955176319221e+02
-2.076315955176315526e+02
-2.074917894928391888e+02
-2.072983571227361494e+02
-2.072054911792653229e+02
-2.072054911792641292e+02
-2.071416423861778924e+02
-2.071416423861775513e+02
-2.070865062439909821e+02
-2.070507715111035054e+02
-2.069572089752185491e+02
-2.069572089752184354e+02
-2.068034268641116853e+02
-2.068034268641111737e+02
-2.066984992478167555e+02
-2.066334232881706612e+02
-2.066334232881700643e+02
-2.065437533424247079e+02
-2.064812897041409201e+02
-2.064349680629602801e+02
-2.064349680629583759e+02
-2.062775439902987955e+02

N=7, t_perp=0.100 
-2.125545642975861256e+02
-2.125435723549272211e+02
-2.125435723549254590e+02
-2.106350010383490883e+02
-2.106350010383447682e+02
-2.105552585205350908e+02
-2.104688060405118506e+02
-2.104688060405108843e+02
-2.104515596329985101e+02
-2.103623774555199475e+02
-2.103469523113558068e+02
-2.103267641673288608e+02
-2.103267641673286903e+02
-2.103201778449917470e+02
-2.103201778449915196e+02
-2.101291436161300794e+02
-2.101016330675799111e+02
-2.101016330675783479e+02
-2.099021601925492746e+02
-2.099021601925472851e+02
-2.098060542725992264e+02
-2.097313788871348947e+02
-2.097127260989621789e+02
-2.097127260989617241e+02
-2.097052922292256198e+02
-2.096654113545392875e+02
-2.096654113545380937e+02
-2.093255800933065984e+02
-2.092890177008194428e+02
-2.092890177008188175e+02
-2.092114816454725315e+02
-2.092114816454713377e+02
-2.091444059767421777e+02
-2.090243997615970954e+02
-2.089921061778417481e+02
-2.089921061778406113e+02
-2.088825961320585236e+02
-2.088825961320580973e+02
-2.088546214907089222e+02
-2.087826593159682318e+02

N=8, t_perp=0.100 
-2.146227146440837146e+02
-2.146227146440783144e+02
-2.146208865410318083e+02
-2.126367239404019926e+02
-2.126367239403992926e+02
-2.126081078630575973e+02
-2.126009273052008552e+02
-2.125563005238691687e+02
-2.125563005238682877e+02
-2.124968169167799203e+02
-2.124968169167771350e+02
-2.124963795497508841e+02
-2.124280961061125197e+02
-2.124280961061123776e+02
-2.124087142796512353e+02
-2.121457407639483677e+02
-2.121457407639479413e+02
-2.121386151309662296e+02
-2.121342654282734088e+02
-2.121324829533906779e+02
-2.121324829533893706e+02
-2.119591940132787045e+02
-2.119365978870600600e+02
-2.119365978870589799e+02
-2.118634903248103285e+02
-2.118634903248095327e+02
-2.118480724878850765e+02
-2.117947208610983125e+02
-2.117584310840468618e+02
-2.117584310840463786e+02
-2.117302002056611059e+02
-2.117302002056609638e+02
-2.117088240214561381e+02
-2.113145729502272445e+02
-2.113131266041113179e+02
-2.112940496965195507e+02
-2.112940496965177033e+02
-2.112896609514907880e+02
-2.112896609514883437e+02
-2.110613013876540549e+02

N=9, t_perp=0.100 
-2.166988604012407222e+02
-2.166960316345129343e+02
-2.166960316345053172e+02
-2.147049549720463801e+02
-2.147049549720434527e+02
-2.146843003383404493e+02
-2.146436018855617363e+02
-2.146436018855612247e+02
-2.146058026971278707e+02
-2.145755555052838872e+02
-2.145718615733913737e+02
-2.145532354843432756e+02
-2.145532354843429061e+02
-2.145476524206955560e+02
-2.145476524206950728e+02
-2.143107305355357823e+02
-2.142852853677357814e+02
-2.142852853677335929e+02
-2.142077218843143385e+02
-2.142077218843128321e+02
-2.141535679721244207e+02
-2.141096670420086809e+02
-2.140951478250622131e+02
-2.140951478250617583e+02
-2.140711773749624456e+02
-2.140710973082751423e+02
-2.140710973082750854e+02
-2.139920591399938132e+02
-2.139835440309584271e+02
-2.139835440309579724e+02
-2.139574930923870397e+02
-2.139574930923861302e+02
-2.139537053624907799e+02
-2.137885496470936459e+02
-2.137679923144998213e+02
-2.137679923144993097e+02
-2.137059816101165381e+02
-2.137059816101162255e+02
-2.136769595346278834e+02
-2.133935467439395097e+02

N=10, t_perp=0.100 
-2.187727839186726726e+02
-2.187713990391405900e+02
-2.187713990391325183e+02
-2.167670491966589736e+02
-2.167670491966574389e+02
-2.167646100493675476e+02
-2.167223481273224479e+02
-2.167223481273221637e+02
-2.166919483558726824e+02
-2.166425218549038050e+02
-2.166421095915322326e+02
-2.166332788254166246e+02
-2.166332788254138677e+02
-2.166290193841519454e+02
-2.166290193841491885e+02
-2.164613847778001912e+02
-2.164233757409372743e+02
-2.164233757409355405e+02
-2.163258301108805313e+02
-2.163258301108789396e+02
-2.162431552553984204e+02
-2.162060044517372148e+02
-2.161757696284404346e+02
-2.161757696284403210e+02
-2.161591842416652867e+02
-2.161591842416645761e+02
-2.161576175789925571e+02
-2.161476382977456296e+02
-2.161424969092157369e+02
-2.161424969092147137e+02
-2.161407556474082412e+02
-2.161407556474077865e+02
-2.161330884085774642e+02
-2.160977211638557094e+02
-2.160478996841406172e+02
-2.160478996841401056e+02
-2.159556828918971689e+02
-2.159556828918965721e+02
-2.159055122894141050e+02
-2.157982383987470314e+02

N=11, t_perp=0.100 
-2.208467900930464225e+02
-2.208467900930330643e+02
-2.208466656487993873e+02
-2.188300447349763260e+02
-2.188269213912173257e+02
-2.188269213912151940e+02
-2.188015618929226775e+02
-2.188015618929207733e+02
-2.187846463424238834e+02
-2.187547268765165427e+02
-2.187304202739290986e+02
-2.187304202739287291e+02
-2.187015850545044202e+02
-2.187015850545038234e+02
-2.186907694633320318e+02
-2.184970576729962488e+02
-2.184904305840653365e+02
-2.184904305840647964e+02
-2.184663225324022733e+02
-2.184663225324009090e+02
-2.184406687334609671e+02
-2.183786633517227926e+02
-2.183367523420909038e+02
-2.183367523420893122e+02
-2.182763816144288569e+02
-2.182763816144262421e+02
-2.182563401908498975e+02
-2.182282674294421838e+02
-2.182235732379096191e+02
-2.182235732379060948e+02
-2.182233878104001406e+02
-2.182233878103970142e+02
-2.182203851441748270e+02
-2.181794946221113491e+02
-2.181794946221106954e+02
-2.181764338980277103e+02
-2.181691205706862888e+02
-2.181691205706862320e+02
-2.181459547985135146e+02
-2.180754387746468410e+02

N=12, t_perp=0.100 
-2.229217847382650177e+02
-2.229215625600122905e+02
-2.229215625599979944e+02
-2.209002228195897430e+02
-2.208974155528458709e+02
-2.208974155528437393e+02
-2.208806823663516923e+02
-2.208806823663497312e+02
-2.208700233058587798e+02
-2.208033155947732382e+02
-2.207964794038092577e+02
-2.207964794038081493e+02
-2.207930515725378200e+02
-2.207924446379898598e+02
-2.207924446379881545e+02
-2.205965875397279206e+02
-2.205837829582847860e+02
-2.205837829582842744e+02
-2.205475836294114913e+02
-2.205475836294110934e+02
-2.205030337723692071e+02
-2.204948070931270081e+02
-2.204533763631644092e+02
-2.204533763631643239e+02
-2.204205255600856219e+02
-2.204205255600832345e+02
-2.204107525444924534e+02
-2.203684236895448123e+02
-2.203633068087706874e+02
-2.203633068087703464e+02
-2.203463106793292354e+02
-2.203463106793288944e+02
-2.203370757224876115e+02
-2.202562284740191672e+02
-2.202562284740187124e+02
-2.202561334368362225e+02
-2.202520306940590444e+02
-2.202520306940581065e+02
-2.202422297231266271e+02
-2.202163849679916723e+02

