N=5, t_perp=0.100 
-2.094160213602430645e+02
-2.094160213602428655e+02
-2.091901990336342010e+02
-2.083326666444915531e+02
-2.079461242098359719e+02
-2.079461242098359151e+02
-2.078218948431251363e+02
-2.078218948431248521e+02
-2.075253196342440845e+02
-2.075078928682581250e+02
-2.075078928682574997e+02
-2.074035570779128932e+02
-2.073897459445425682e+02
-2.072620451608270002e+02
-2.071979107576856904e+02
-2.071979107576851789e+02
-2.067757507450352250e+02
-2.067757507450343439e+02
-2.066785672762133856e+02
-2.065747334921674678e+02
-2.065747334921665868e+02
-2.062337138796685565e+02
-2.062337138796673912e+02
-2.062186870643685666e+02
-2.059618807806358802e+02
-2.059477189117685896e+02
-2.059477189117684759e+02
-2.056684420834052105e+02
-2.056507489045763180e+02
-2.056507489045754369e+02
-2.053367425066393537e+02
-2.053367425066375347e+02
-2.049945988169225473e+02
-2.049945988169218083e+02
-2.047697810221920633e+02
-2.047630189409807997e+02
-2.047630189409804586e+02
-2.046650051168436448e+02
-2.045442987836466386e+02
-2.045372342763890856e+02

N=6, t_perp=0.100 
-2.117927958717434080e+02
-2.113771492807023833e+02
-2.113771492806984895e+02
-2.106846367786005203e+02
-2.106846367785921359e+02
-2.103137003883453815e+02
-2.103137003883421698e+02
-2.101325486211737825e+02
-2.101184983239300266e+02
-2.099756524539315308e+02
-2.099756524539292570e+02
-2.098033162536190446e+02
-2.097202039011326917e+02
-2.097071416037470328e+02
-2.097071416037463223e+02
-2.094098412899257653e+02
-2.094098412899253958e+02
-2.092219491967993577e+02
-2.090789248605414627e+02
-2.090265692649359437e+02
-2.090119387536652482e+02
-2.090119387536649356e+02
-2.089419458699879613e+02
-2.089419458699872223e+02
-2.087778848933391487e+02
-2.086935354928803008e+02
-2.086935354928796755e+02
-2.085878767140595471e+02
-2.085878767140589787e+02
-2.085226631759631459e+02
-2.084715583073807466e+02
-2.084715583073800360e+02
-2.083764855748227660e+02
-2.083764855748223965e+02
-2.083636985561788890e+02
-2.083604040128520012e+02
-2.083604040128519728e+02
-2.083532660691007550e+02
-2.081565922608907044e+02
-2.080554595695387832e+02

N=7, t_perp=0.100 
-2.139069487532811991e+02
-2.137225239204355489e+02
-2.137225239204323373e+02
-2.129646993125003576e+02
-2.129646993124917742e+02
-2.125791712915138021e+02
-2.125059424879852941e+02
-2.123074583028726181e+02
-2.123074583028690938e+02
-2.122985817644427016e+02
-2.122985817644417352e+02
-2.121892066737673304e+02
-2.121288534532741323e+02
-2.121288534532716881e+02
-2.119619942337490954e+02
-2.119619942337489249e+02
-2.119373289451176561e+02
-2.118394223301422130e+02
-2.117031108882026160e+02
-2.115599585586515730e+02
-2.115447890801509061e+02
-2.115447890801503945e+02
-2.114658100014452771e+02
-2.114658100014445381e+02
-2.114384514528946397e+02
-2.114384514528942134e+02
-2.113661312173879310e+02
-2.111871322838582330e+02
-2.111871322838569824e+02
-2.111471660817671818e+02
-2.111471660817661302e+02
-2.111167327487982277e+02
-2.110973168966622211e+02
-2.110419666904420808e+02
-2.109241862703023571e+02
-2.109241862703015897e+02
-2.108524309705112785e+02
-2.108414568510076208e+02
-2.107356340463852860e+02
-2.107356340463835807e+02

N=8, t_perp=0.100 
-2.160653160501710204e+02
-2.160653160501705656e+02
-2.159425461595366755e+02
-2.151983326256248858e+02
-2.149727560675197537e+02
-2.149727560675066798e+02
-2.147794869034214003e+02
-2.147794869034123053e+02
-2.145922428982900385e+02
-2.145752003621241215e+02
-2.145752003621230415e+02
-2.145467739918524899e+02
-2.145247818094623540e+02
-2.145247818094610466e+02
-2.144875587393306091e+02
-2.143727374225933886e+02
-2.141367102316716284e+02
-2.141367102316713442e+02
-2.141077481469643544e+02
-2.141077481469643260e+02
-2.140856245326733074e+02
-2.140276322125207003e+02
-2.139609869918103868e+02
-2.139609869918103584e+02
-2.137903543787310241e+02
-2.137745061844071870e+02
-2.137612011009832997e+02
-2.137612011009815944e+02
-2.137261954754690976e+02
-2.135815483672808170e+02
-2.135815483672799644e+02
-2.135367707471328060e+02
-2.135253384239485399e+02
-2.134787748216018031e+02
-2.134787748216010357e+02
-2.134478420317529697e+02
-2.134478420317520033e+02
-2.133763750801188053e+02
-2.133763750801159631e+02
-2.133180673727985948e+02

N=9, t_perp=0.100 
-2.183548761820962341e+02
-2.181921098062377951e+02
-2.181921098062349529e+02
-2.174149737880610473e+02
-2.174149737880522650e+02
-2.170769977308581531e+02
-2.170716314001195144e+02
-2.170716314001184344e+02
-2.170508530498650259e+02
-2.169533237494353273e+02
-2.169480570441858447e+02
-2.169480570441847078e+02
-2.167985215820697533e+02
-2.167599067313337002e+02
-2.167599067313306023e+02
-2.164787974039460039e+02
-2.164787974039393248e+02
-2.164219868649390435e+02
-2.163591021079109282e+02
-2.163591021079087398e+02
-2.163493652332758472e+02
-2.163493652332749662e+02
-2.163401703135332639e+02
-2.163142774374830708e+02
-2.163142774374794897e+02
-2.162151893598342269e+02
-2.161911644685916087e+02
-2.161053396716433781e+02
-2.160391599160670353e+02
-2.160391599160647900e+02
-2.159857272965786308e+02
-2.159857272965785739e+02
-2.159358219604421834e+02
-2.158798424681606605e+02
-2.158711911653564925e+02
-2.158711911653545030e+02
-2.158657077758574871e+02
-2.157986511179130957e+02
-2.157986511179115610e+02
-2.157380052155900501e+02

N=10, t_perp=0.100 
-2.205551765685387977e+02
-2.204436352547408831e+02
-2.204436352547335218e+02
-2.196565690738720491e+02
-2.196565690738605099e+02
-2.194274278834299423e+02
-2.193028869805953889e+02
-2.192834159156513749e+02
-2.192834159156478222e+02
-2.192216057735670347e+02
-2.191927193998827192e+02
-2.191927193998817813e+02
-2.190533067023210094e+02
-2.190533067023197304e+02
-2.190031577037436534e+02
-2.190031577037410386e+02
-2.189989060583235130e+02
-2.189163580870833812e+02
-2.187048304031712007e+02
-2.186213452370577670e+02
-2.186213452370557775e+02
-2.186006165002244472e+02
-2.186006165002228556e+02
-2.185363706701613751e+02
-2.185363706701574529e+02
-2.185155695269629916e+02
-2.185155695269625937e+02
-2.185092344248873815e+02
-2.184451169799899333e+02
-2.184451169799894785e+02
-2.184274256553328541e+02
-2.184100400817772822e+02
-2.183279872725946973e+02
-2.182860275799173166e+02
-2.182541057980270125e+02
-2.182415814003392427e+02
-2.182415814003390437e+02
-2.181872560351266941e+02
-2.181481103814785456e+02
-2.181481103814775224e+02

N=11, t_perp=0.100 
-2.227331577456344291e+02
-2.227331577456343723e+02
-2.226803420589911013e+02
-2.218672663036122117e+02
-2.217665389306754378e+02
-2.217665389306647796e+02
-2.215945795450460594e+02
-2.215945795450309959e+02
-2.215220099907527072e+02
-2.214619580346171688e+02
-2.214619580346167140e+02
-2.214468139113646998e+02
-2.214190182558268987e+02
-2.214190182558216407e+02
-2.213146318732257214e+02
-2.212612075931692175e+02
-2.211850262052090557e+02
-2.211211045603285754e+02
-2.211211045603272396e+02
-2.210666597603530192e+02
-2.210666597603505465e+02
-2.209933907418483159e+02
-2.209414661506578739e+02
-2.209414661506547475e+02
-2.208253305083187001e+02
-2.207687594013385990e+02
-2.207687594013366379e+02
-2.207351287337782821e+02
-2.206921755930697202e+02
-2.206921755930672475e+02
-2.206809406231448634e+02
-2.206644807123267356e+02
-2.206644807123261671e+02
-2.206237193244536456e+02
-2.206213243308807250e+02
-2.206213243308805545e+02
-2.206202453600210447e+02
-2.205863096943892003e+02
-2.205863096943888593e+02
-2.205707733067316383e+02

N=12, t_perp=0.100 
-2.249838896585965813e+02
-2.249263376891364885e+02
-2.249263376891307189e+02
-2.240814027613259896e+02
-2.240814027613158430e+02
-2.238706601113976546e+02
-2.238480528249905603e+02
-2.238306033532874721e+02
-2.237906612849194801e+02
-2.237906612849187127e+02
-2.237839263839197770e+02
-2.237839263839180148e+02
-2.236931740030538265e+02
-2.236668652897679692e+02
-2.236668652897637060e+02
-2.234148393781121911e+02
-2.234116933247211421e+02
-2.234116933247137240e+02
-2.233524320783137682e+02
-2.233524320783122334e+02
-2.233064993967230691e+02
-2.233064993967213070e+02
-2.232726946556451821e+02
-2.232599775379968605e+02
-2.232599775379962068e+02
-2.232013695957427046e+02
-2.231924538437978072e+02
-2.230461014177243158e+02
-2.230160688090627445e+02
-2.230160688090574013e+02
-2.229779114364821453e+02
-2.229605087232922358e+02
-2.229605087232910137e+02
-2.229539372679156486e+02
-2.228998191559759618e+02
-2.228998191559753081e+02
-2.228625714349878137e+02
-2.228552344238624414e+02
-2.228552344238598266e+02
-2.228016734215970018e+02

