N=5, t_perp=0.100 
-2.089486614641378424e+02
-2.089486614641363644e+02
-2.088194674035867706e+02
-2.077346139324135663e+02
-2.075244806132818383e+02
-2.075244806132816677e+02
-2.072440082975188034e+02
-2.072440082975144833e+02
-2.070132550147720281e+02
-2.069607986100095616e+02
-2.068988103091565449e+02
-2.068678326226306581e+02
-2.068678326226304875e+02
-2.068310370519474759e+02
-2.068310370519463959e+02
-2.064497405364213307e+02
-2.061702092857942716e+02
-2.061702092857930495e+02
-2.059335971468602224e+02
-2.058508257056759021e+02
-2.058407392270861180e+02
-2.058407392270841854e+02
-2.056211536139852853e+02
-2.056211536139833527e+02
-2.053863175932339118e+02
-2.053466258876605082e+02
-2.053466258876599113e+02
-2.053054520131921947e+02
-2.053054520131900347e+02
-2.050907562408258400e+02
-2.049941039057073056e+02
-2.049941039057053160e+02
-2.046256038687882324e+02
-2.046256038687880334e+02
-2.045277083822043380e+02
-2.045115050119521811e+02
-2.045115050119514706e+02
-2.044483707643902335e+02
-2.043561349339821334e+02
-2.041742175603965563e+02

N=6, t_perp=0.100 
-2.111871840129570614e+02
-2.109752482596626635e+02
-2.109752482596618108e+02
-2.099821201020735089e+02
-2.099821201020688193e+02
-2.094925259638569628e+02
-2.094462060496379081e+02
-2.093749715801000946e+02
-2.093749715800981335e+02
-2.093557883715850210e+02
-2.093557883715839694e+02
-2.093255525093907750e+02
-2.091862777369431114e+02
-2.091400850801550462e+02
-2.091400850801537388e+02
-2.088364524652095895e+02
-2.088364524652071736e+02
-2.087373448593445460e+02
-2.084465503312455610e+02
-2.084465503312445094e+02
-2.084075075086657591e+02
-2.082706576372317500e+02
-2.082706576372308120e+02
-2.082070037837272025e+02
-2.080647967723895135e+02
-2.080160916416377859e+02
-2.080160916416375301e+02
-2.079675452082207983e+02
-2.079675452082207414e+02
-2.079413734395480446e+02
-2.078773837992547726e+02
-2.078773837992539484e+02
-2.077412178810151033e+02
-2.076913278469259012e+02
-2.076754070506402172e+02
-2.076754070506399330e+02
-2.075598240929982694e+02
-2.075598240929973031e+02
-2.074972499903505252e+02
-2.074515494872285046e+02

N=7, t_perp=0.100 
-2.132727633300052048e+02
-2.131846832314241738e+02
-2.131846832314234348e+02
-2.121073663182589826e+02
-2.121073663182534972e+02
-2.118034756294845806e+02
-2.117693870085958849e+02
-2.115983670206374541e+02
-2.115983670206360330e+02
-2.114859640535102017e+02
-2.114686133389186011e+02
-2.114686133389174643e+02
-2.114153494038361600e+02
-2.114153494038361032e+02
-2.113606069053829231e+02
-2.112755082241836817e+02
-2.112755082241835680e+02
-2.111755359414860038e+02
-2.109015480770496538e+02
-2.108701266129211831e+02
-2.108701266129198189e+02
-2.108574986418921924e+02
-2.107482946433480322e+02
-2.107482946433478332e+02
-2.106555031783530865e+02
-2.106555031783528875e+02
-2.104773775952541826e+02
-2.104673527028490696e+02
-2.103492035562151727e+02
-2.103492035562150022e+02
-2.103211300144467089e+02
-2.103211300144466520e+02
-2.102835546125102724e+02
-2.102544253264945553e+02
-2.102544253264928216e+02
-2.102017012206582365e+02
-2.100154528250790804e+02
-2.099885756776687060e+02
-2.099819395292186073e+02
-2.099819395292178115e+02

N=8, t_perp=0.100 
-2.153889235930062398e+02
-2.153889235930058419e+02
-2.153486690026798840e+02
-2.141999715397792556e+02
-2.141261903043734947e+02
-2.141261903043651103e+02
-2.138975411836584897e+02
-2.138975411836549654e+02
-2.138645816731542197e+02
-2.137529621787641076e+02
-2.137529621787640224e+02
-2.137398708515321175e+02
-2.136624451963309355e+02
-2.136624451963305376e+02
-2.136350437280207188e+02
-2.133772201894760485e+02
-2.133532137192764537e+02
-2.133512734211063560e+02
-2.133512734211055886e+02
-2.133195923615753600e+02
-2.133195923615746210e+02
-2.131182275848325958e+02
-2.131182275848325389e+02
-2.130987736158450900e+02
-2.129687300590225618e+02
-2.129434553315038556e+02
-2.129019557044112787e+02
-2.129019557044094597e+02
-2.128040395290580875e+02
-2.127600925120608508e+02
-2.127600925120601119e+02
-2.127542642326778264e+02
-2.127542642326777980e+02
-2.126412140331352703e+02
-2.125849350162260976e+02
-2.125849350162243638e+02
-2.125249066980043438e+02
-2.125249066980043153e+02
-2.125054687537457028e+02
-2.124980055499731861e+02

N=9, t_perp=0.100 
-2.175683548732552026e+02
-2.175172344440409233e+02
-2.175172344440405539e+02
-2.163612621061506900e+02
-2.163612621061384687e+02
-2.161287045909792255e+02
-2.160702386294618691e+02
-2.160541691649397364e+02
-2.160433497368391897e+02
-2.160433497368379392e+02
-2.159684879472400780e+02
-2.159684879472387138e+02
-2.159507879624177349e+02
-2.159016730530633197e+02
-2.159016730530622681e+02
-2.156352219452760153e+02
-2.156352219452741679e+02
-2.156006976209843344e+02
-2.154719227325647353e+02
-2.154719227325642805e+02
-2.154328985583203746e+02
-2.154328985583199483e+02
-2.153884793358688228e+02
-2.153782955860186235e+02
-2.153648339917478438e+02
-2.153353051518045902e+02
-2.153353051518037660e+02
-2.151363461055979371e+02
-2.151256579250578511e+02
-2.151256579250576806e+02
-2.150971157704655923e+02
-2.150971157704653933e+02
-2.150841563555260336e+02
-2.149632109357819161e+02
-2.149632109357794434e+02
-2.149223162793278448e+02
-2.149065462635690835e+02
-2.148525086312563701e+02
-2.148525086312557448e+02
-2.148301026495063013e+02

N=10, t_perp=0.100 
-2.197165112974229544e+02
-2.196838668379681394e+02
-2.196838668379680541e+02
-2.184950703016545503e+02
-2.184950703016431817e+02
-2.183545508401705035e+02
-2.182496769324924912e+02
-2.182203212613725327e+02
-2.182203212613713390e+02
-2.181807700190221908e+02
-2.181530894883264864e+02
-2.181530894883256053e+02
-2.181150497914498203e+02
-2.180944873131376767e+02
-2.180944873131365966e+02
-2.179628400266460062e+02
-2.179604066920024366e+02
-2.179604066919989975e+02
-2.176981889574951765e+02
-2.176981889574886111e+02
-2.176254748876275187e+02
-2.175773690870927339e+02
-2.175509195609146218e+02
-2.175509195609145365e+02
-2.175362235341003441e+02
-2.175362235340988093e+02
-2.175256446209164380e+02
-2.175256446209147612e+02
-2.175236999211403486e+02
-2.174447986458263529e+02
-2.174447986458261539e+02
-2.174364367056535343e+02
-2.174274471367886008e+02
-2.173216300024669749e+02
-2.172784351309844624e+02
-2.172784351309836381e+02
-2.171270337050566752e+02
-2.171270337050563057e+02
-2.171178711171009752e+02
-2.171051125580007692e+02

N=11, t_perp=0.100 
-2.218587730921257446e+02
-2.218587730921132106e+02
-2.218484767975098748e+02
-2.205793023365185945e+02
-2.205785226720362289e+02
-2.205785226720257128e+02
-2.204660838889381296e+02
-2.204459398452937080e+02
-2.204459398452931111e+02
-2.203660378082864781e+02
-2.203649103097332898e+02
-2.203649103097325792e+02
-2.202753639717574856e+02
-2.202753639717547003e+02
-2.202331322221016876e+02
-2.201009287449388694e+02
-2.200596485241907772e+02
-2.200596485241900666e+02
-2.200567931216274928e+02
-2.200518592682890642e+02
-2.200518592682865915e+02
-2.198358811936489872e+02
-2.198262342355708938e+02
-2.198262342355702970e+02
-2.197513591765138870e+02
-2.197049603489756748e+02
-2.197049603489746517e+02
-2.196656452324052395e+02
-2.196606066943428743e+02
-2.196606066943422775e+02
-2.196438256384433316e+02
-2.196193240593512996e+02
-2.196193240593511575e+02
-2.195966824227820950e+02
-2.195966824227810719e+02
-2.195651542696432159e+02
-2.195651542696430170e+02
-2.195395097052128790e+02
-2.195370076661245093e+02
-2.193635127871189638e+02

N=12, t_perp=0.100 
-2.240227865828913707e+02
-2.240120815474738833e+02
-2.240120815474721212e+02
-2.227494938136976828e+02
-2.227494938136861435e+02
-2.226559070929640427e+02
-2.226065401934533838e+02
-2.226065401934500301e+02
-2.226039863622019084e+02
-2.225617693359678526e+02
-2.225539978783954780e+02
-2.225151913780989901e+02
-2.225151913780983648e+02
-2.225023188801298204e+02
-2.225023188801252161e+02
-2.222759845096102822e+02
-2.222759845096059621e+02
-2.222706824669685375e+02
-2.221908825790102071e+02
-2.221908825790050344e+02
-2.221284967766740124e+02
-2.220982027221038777e+02
-2.220982027221024566e+02
-2.220681621696981267e+02
-2.220608066914538199e+02
-2.220517915250624696e+02
-2.220517915250603664e+02
-2.219097709296114829e+02
-2.218953023832585814e+02
-2.218895778949360817e+02
-2.218895778949337227e+02
-2.218658326142095234e+02
-2.218658326142089550e+02
-2.217234727535762318e+02
-2.217144432007972341e+02
-2.217144432007966941e+02
-2.217120815657053754e+02
-2.217120815657051196e+02
-2.216787977444708702e+02
-2.216766226987589619e+02

