N=5, t_perp=0.100 
-2.095199951569266545e+02
-2.095199951569256882e+02
-2.093806432206790191e+02
-2.085613119620455507e+02
-2.083342037535515772e+02
-2.083342037535508666e+02
-2.076583826931692727e+02
-2.076583826931691306e+02
-2.075904687888297531e+02
-2.074234144394395116e+02
-2.074234144394390000e+02
-2.074154898292200926e+02
-2.073125517192010534e+02
-2.072998344847167402e+02
-2.072998344847164276e+02
-2.063737835268253491e+02
-2.063083699280286112e+02
-2.063083699280285828e+02
-2.061375711547733545e+02
-2.057329008231301088e+02
-2.057299258519646230e+02
-2.057299258519643104e+02
-2.056327518097190250e+02
-2.056327518097190250e+02
-2.055467542214492482e+02
-2.055467542214486514e+02
-2.054481379867888222e+02
-2.054481379867865201e+02
-2.054144381349800312e+02
-2.053440470122066870e+02
-2.052410379235602136e+02
-2.052410379235593894e+02
-2.050079998917587432e+02
-2.050052783190997729e+02
-2.050052783190990908e+02
-2.049729375714256889e+02
-2.047308469047787298e+02
-2.047308469047784740e+02
-2.045838576365737254e+02
-2.044796474739761436e+02

N=6, t_perp=0.100 
-2.119346408133553439e+02
-2.115084447837197672e+02
-2.115084447837187724e+02
-2.112142673298897080e+02
-2.112142673298873206e+02
-2.101955085150273419e+02
-2.101617458088059038e+02
-2.101263566772259139e+02
-2.100535587792957983e+02
-2.100535587792945478e+02
-2.098525821657134998e+02
-2.098525821657123629e+02
-2.098254934220589689e+02
-2.098130171530860082e+02
-2.098130171530852977e+02
-2.095051593250633459e+02
-2.095051593250618112e+02
-2.094623417341096854e+02
-2.088715049714544421e+02
-2.088715049714539589e+02
-2.088017062629598684e+02
-2.086522443796663708e+02
-2.086522443796658592e+02
-2.086347835114552254e+02
-2.085989638820813923e+02
-2.083874136553549761e+02
-2.083852873157898955e+02
-2.083852873157897250e+02
-2.083481509259146947e+02
-2.083481509259137283e+02
-2.081338838289274520e+02
-2.081182337267682954e+02
-2.081182337267682954e+02
-2.079567558902487860e+02
-2.079567558902475639e+02
-2.079114239747589181e+02
-2.078986527026926581e+02
-2.078971651976340809e+02
-2.078971651976339388e+02
-2.078429548174866568e+02

N=7, t_perp=0.100 
-2.140944090161541453e+02
-2.139104429761040080e+02
-2.139104429760981816e+02
-2.133951082113766518e+02
-2.133951082113630946e+02
-2.129553954688821591e+02
-2.126651128793521934e+02
-2.125348083796197614e+02
-2.125348083796195908e+02
-2.123729185291267640e+02
-2.122805957512791792e+02
-2.122805957512784687e+02
-2.122355665168927885e+02
-2.122355665168927317e+02
-2.122113961840537115e+02
-2.120438829023217693e+02
-2.120438829023211156e+02
-2.118482662750197392e+02
-2.116352613983251274e+02
-2.115593271599289551e+02
-2.114944755963300906e+02
-2.114944755963287548e+02
-2.114138534947571486e+02
-2.114138534947553296e+02
-2.113952647204576181e+02
-2.112530766190239717e+02
-2.112530766190218401e+02
-2.110777954948534898e+02
-2.110777954948526087e+02
-2.109480092998747409e+02
-2.108729739448068301e+02
-2.108729739448061764e+02
-2.108677193127962823e+02
-2.108677193127962255e+02
-2.108330340022872349e+02
-2.108321541530567345e+02
-2.106724091383255768e+02
-2.105767298152120475e+02
-2.105767298152113085e+02
-2.105576001662298609e+02

N=8, t_perp=0.100 
-2.162713835493079841e+02
-2.162713835493053693e+02
-2.161788411504500687e+02
-2.156905092209153452e+02
-2.155354639848401064e+02
-2.155354639848334557e+02
-2.149792432827938171e+02
-2.149210726731568002e+02
-2.149210726731550665e+02
-2.148702535197182044e+02
-2.148702535197176360e+02
-2.147331206004664068e+02
-2.146952798450929265e+02
-2.146943855148871307e+02
-2.146943855148854823e+02
-2.143460415005561117e+02
-2.142424076257842387e+02
-2.142424076257827039e+02
-2.141060057870599280e+02
-2.141060057870582511e+02
-2.140450824414653823e+02
-2.139414043990663288e+02
-2.139414043990629182e+02
-2.138382903804353816e+02
-2.138145350842842731e+02
-2.138145350842842163e+02
-2.138091611618663421e+02
-2.137492940892554145e+02
-2.137271752763758457e+02
-2.136552333808717492e+02
-2.136552333808698734e+02
-2.135725243013486647e+02
-2.135725243013485795e+02
-2.135004744137813191e+02
-2.134203284425996401e+02
-2.134203284425992138e+02
-2.133205238464938134e+02
-2.133205238464928755e+02
-2.132788293195646361e+02
-2.132788293195641813e+02

N=9, t_perp=0.100 
-2.186143729954488890e+02
-2.183785693850242069e+02
-2.183785693850098824e+02
-2.181141586487395045e+02
-2.181141586487279653e+02
-2.175217372176741151e+02
-2.173779469534744351e+02
-2.172952353125078560e+02
-2.172952353125022000e+02
-2.172827784498044821e+02
-2.171235517203344898e+02
-2.171183792049415899e+02
-2.171183792049393446e+02
-2.171047861542040209e+02
-2.171047861542031114e+02
-2.168390306663447120e+02
-2.168374281839463720e+02
-2.168374281839396929e+02
-2.164134534670229755e+02
-2.164134534670171774e+02
-2.163947982151052827e+02
-2.163402782020222332e+02
-2.163279141343111576e+02
-2.163279141343104186e+02
-2.162725152340079262e+02
-2.162492168325414070e+02
-2.162492168325371438e+02
-2.162297090136193276e+02
-2.162248463296207319e+02
-2.161470570561752140e+02
-2.161470570561744751e+02
-2.161385108070681724e+02
-2.161385108070679735e+02
-2.159170333237647128e+02
-2.159170333237616717e+02
-2.158977303677161217e+02
-2.158977303677156385e+02
-2.158908886334971555e+02
-2.158514958099799799e+02
-2.158235376911982826e+02

N=10, t_perp=0.100 
-2.208357937233752466e+02
-2.206701343920113061e+02
-2.206701343919969815e+02
-2.203665927228227588e+02
-2.203665927228103101e+02
-2.199585675787768935e+02
-2.197413760013173771e+02
-2.196557122012278001e+02
-2.196557122012248726e+02
-2.195712857058749989e+02
-2.194725541114083853e+02
-2.194725541114030705e+02
-2.194710998675956262e+02
-2.194694892830881656e+02
-2.194694892830825097e+02
-2.192530422458467569e+02
-2.192530422458464727e+02
-2.192212522949955087e+02
-2.188665589849213688e+02
-2.188665589849136950e+02
-2.188574045171424984e+02
-2.188055098014817190e+02
-2.187658045858606215e+02
-2.187326155117789881e+02
-2.187326155117757764e+02
-2.186531508080650212e+02
-2.186531508080621222e+02
-2.185425500839621691e+02
-2.185373510878687284e+02
-2.185373510878686432e+02
-2.185173122842805640e+02
-2.184975636788201143e+02
-2.184975636788184659e+02
-2.184409334759683929e+02
-2.184409334759680803e+02
-2.183873293227917429e+02
-2.183736308124900347e+02
-2.183736308124898926e+02
-2.183084351747178573e+02
-2.183003783135498281e+02

N=11, t_perp=0.100 
-2.230134141331243995e+02
-2.230134141331188289e+02
-2.229571629309708101e+02
-2.225908173772151599e+02
-2.224982352947652373e+02
-2.224982352947505717e+02
-2.220427496860551742e+02
-2.219733246477004514e+02
-2.219733246476978081e+02
-2.219469675642378093e+02
-2.219469675642342565e+02
-2.218539893711765671e+02
-2.218064442336786328e+02
-2.218064442336776381e+02
-2.217734849650924787e+02
-2.215674633348579619e+02
-2.214511127226976157e+02
-2.214511127226931251e+02
-2.213968236341803788e+02
-2.213968236341748366e+02
-2.213168667472345419e+02
-2.211424719669645640e+02
-2.211409291973236009e+02
-2.211409291973191671e+02
-2.211247526387723781e+02
-2.211159448703849364e+02
-2.211159448703815542e+02
-2.209738209536717193e+02
-2.209738209536691045e+02
-2.209695379136293525e+02
-2.209064581276741421e+02
-2.209064581276740853e+02
-2.209057061992041611e+02
-2.207903022213187967e+02
-2.207473344165636320e+02
-2.207473344165628930e+02
-2.207169043694907486e+02
-2.207169043694889581e+02
-2.207113447843834422e+02
-2.207113447843824190e+02

N=12, t_perp=0.100 
-2.253221626967039413e+02
-2.251795955578030828e+02
-2.251795955577922541e+02
-2.249389184913887334e+02
-2.249389184913777342e+02
-2.245822802873625221e+02
-2.243711141801185249e+02
-2.243124627388334602e+02
-2.243124627388297654e+02
-2.242620368196763252e+02
-2.241906903997038683e+02
-2.241710597306738180e+02
-2.241710597306645525e+02
-2.241685214996334992e+02
-2.241685214996294917e+02
-2.239410294860457782e+02
-2.239282102744664371e+02
-2.239282102744573137e+02
-2.236467737267240636e+02
-2.236467737267166456e+02
-2.236239922817325976e+02
-2.235407218293556753e+02
-2.235211955516956834e+02
-2.235211955516955697e+02
-2.234945301872732557e+02
-2.234545496630673824e+02
-2.234545496630659045e+02
-2.234217804975102410e+02
-2.233736993113119809e+02
-2.233530441201473309e+02
-2.233530441201458245e+02
-2.233434389891276339e+02
-2.233434389891253318e+02
-2.231567076982191224e+02
-2.231567076982137792e+02
-2.231492661108929667e+02
-2.231232332625089612e+02
-2.231098753159301395e+02
-2.231098753159281216e+02
-2.231086687212221307e+02

