N=5, t_perp=0.100 
-2.094764562571012334e+02
-2.094764562570999828e+02
-2.094124305279089810e+02
-2.083874997837401679e+02
-2.082452651495462703e+02
-2.082452651495438545e+02
-2.075272389887029476e+02
-2.075216990043788314e+02
-2.075216990043785756e+02
-2.073746678280417939e+02
-2.073746678280410549e+02
-2.073484353579860340e+02
-2.071842023964044870e+02
-2.071842023964039754e+02
-2.070974165391892257e+02
-2.057777788120294815e+02
-2.057504647645299372e+02
-2.056627697206558310e+02
-2.056627697206555467e+02
-2.056149757343310398e+02
-2.055931248456230946e+02
-2.055931248456225262e+02
-2.054678238829256998e+02
-2.054678238829245913e+02
-2.053955209811829832e+02
-2.053955209811813063e+02
-2.052956330025846228e+02
-2.051454359250288348e+02
-2.051454359250283801e+02
-2.051230366106950385e+02
-2.050093982640009642e+02
-2.050093982640008505e+02
-2.049498615593187480e+02
-2.046491428168489222e+02
-2.046491428168486948e+02
-2.045099405683639873e+02
-2.044665347000685927e+02
-2.044665347000682800e+02
-2.043280663795862608e+02
-2.042341656184438534e+02

N=6, t_perp=0.100 
-2.119131528078651741e+02
-2.114821576581130387e+02
-2.114821576581113050e+02
-2.111225878118185904e+02
-2.111225878118158903e+02
-2.100552957533532492e+02
-2.100288914214687566e+02
-2.100288914214671934e+02
-2.099919169175490481e+02
-2.099652015534416591e+02
-2.096897728176930968e+02
-2.096897728176927558e+02
-2.096395670721263684e+02
-2.096395670721253452e+02
-2.096341601292446626e+02
-2.094282835072005184e+02
-2.093907839725716542e+02
-2.093907839725706310e+02
-2.086439115309868839e+02
-2.086439115309864007e+02
-2.085249091055634096e+02
-2.085249091055629833e+02
-2.085073068387283115e+02
-2.083632544295082596e+02
-2.082957714735264005e+02
-2.082890903466034160e+02
-2.082890903466031318e+02
-2.082586415707785648e+02
-2.078680428832432483e+02
-2.078644658801016760e+02
-2.078088213388690519e+02
-2.077914650197168100e+02
-2.077914650197167248e+02
-2.077587448847260703e+02
-2.077587448847257292e+02
-2.076865686473018684e+02
-2.076715380044269921e+02
-2.076715380044261678e+02
-2.075679299331453365e+02
-2.075679299331451659e+02

N=7, t_perp=0.100 
-2.140485355465176553e+02
-2.138970924110733165e+02
-2.138970924110723502e+02
-2.132517927003543150e+02
-2.132517927003501370e+02
-2.128838546389057171e+02
-2.125429966743448631e+02
-2.124860243433560072e+02
-2.124860243433538756e+02
-2.122642719975785894e+02
-2.121754813465903737e+02
-2.121754813465886400e+02
-2.120599989178174383e+02
-2.120599989178155340e+02
-2.120400080445321009e+02
-2.118646985451182445e+02
-2.118646985451171929e+02
-2.116560596719448597e+02
-2.115365135143613315e+02
-2.113508831257467477e+02
-2.113508831257441045e+02
-2.112872204109843892e+02
-2.112867903745455180e+02
-2.112867903745444380e+02
-2.111845890749073362e+02
-2.110846485069724849e+02
-2.110846485069712912e+02
-2.108529017706270281e+02
-2.108472224319684756e+02
-2.108472224319660882e+02
-2.106655347777579266e+02
-2.106605554402335372e+02
-2.106565226754497360e+02
-2.106565226754482012e+02
-2.106001059818136412e+02
-2.106001059818130727e+02
-2.105042954883158473e+02
-2.104015346954682286e+02
-2.104015346954678876e+02
-2.103623140584230669e+02

N=8, t_perp=0.100 
-2.162232453538750860e+02
-2.162232453538721018e+02
-2.161871855000706262e+02
-2.155028242767880329e+02
-2.154233967340221909e+02
-2.154233967340198888e+02
-2.148986105224230982e+02
-2.148142655455157524e+02
-2.148142655455143881e+02
-2.147789753504846146e+02
-2.147789753504845578e+02
-2.146274829993513151e+02
-2.145833103960945039e+02
-2.145833103960931396e+02
-2.145590189088261752e+02
-2.141641080716439376e+02
-2.140558204169355179e+02
-2.140558204169346652e+02
-2.138836564035439949e+02
-2.138836564035412096e+02
-2.138576614014615700e+02
-2.137662150422896730e+02
-2.137662150422884793e+02
-2.137020236511636710e+02
-2.136358163320864776e+02
-2.136167891688808709e+02
-2.136167891688795351e+02
-2.135683800958874770e+02
-2.135333500860354832e+02
-2.135333500860338916e+02
-2.135218177873996126e+02
-2.134624307052907000e+02
-2.134624307052902736e+02
-2.132996864970781701e+02
-2.132996864970756121e+02
-2.132622173732384852e+02
-2.131268376883933229e+02
-2.131268376883927544e+02
-2.131026640431184376e+02
-2.130949347309896211e+02

N=9, t_perp=0.100 
-2.185806713702988020e+02
-2.183571849115348584e+02
-2.183571849115273267e+02
-2.179707304466479627e+02
-2.179707304466374183e+02
-2.173138643528668581e+02
-2.172634549989491006e+02
-2.172226082901858035e+02
-2.172226082901849509e+02
-2.171643321805782705e+02
-2.169700730760035299e+02
-2.169700730760027341e+02
-2.169603818863694471e+02
-2.169586306729842420e+02
-2.169586306729835883e+02
-2.167889324204483898e+02
-2.167269900600513495e+02
-2.167269900600511505e+02
-2.162424789136410084e+02
-2.162424789136372283e+02
-2.161682757675002335e+02
-2.161586466435921068e+02
-2.161258638195959350e+02
-2.161258638195947697e+02
-2.160958233967939464e+02
-2.160874292192955295e+02
-2.160874292192948474e+02
-2.160712135720337699e+02
-2.160133506835557000e+02
-2.160133506835551600e+02
-2.159701999080807582e+02
-2.159701999080793939e+02
-2.159589563820744047e+02
-2.158356508423578930e+02
-2.157744276967069936e+02
-2.157744276967065105e+02
-2.157375630968280404e+02
-2.157375630968275573e+02
-2.157103099059223723e+02
-2.156059371788908834e+02

N=10, t_perp=0.100 
-2.207821459154840795e+02
-2.206654131258384268e+02
-2.206654131258342488e+02
-2.201749416092772549e+02
-2.201749416092628167e+02
-2.198473571905020378e+02
-2.196226720679361506e+02
-2.195673987403378362e+02
-2.195673987403375520e+02
-2.194405179812578410e+02
-2.193662619584309255e+02
-2.193662619584294475e+02
-2.193131947113420210e+02
-2.193098640665225219e+02
-2.193098640665216408e+02
-2.190833357731847286e+02
-2.190833357731808917e+02
-2.190463348865420414e+02
-2.187572475569047299e+02
-2.187396927630283869e+02
-2.187396927630262837e+02
-2.185978561078549092e+02
-2.185854658764259000e+02
-2.185854658764222052e+02
-2.185713966420035206e+02
-2.185097682214450003e+02
-2.185097682214441761e+02
-2.184035219986051857e+02
-2.183334884345999285e+02
-2.183277917776596837e+02
-2.183277917776586889e+02
-2.183051725436898494e+02
-2.183051725436897641e+02
-2.182687533359296026e+02
-2.182687533359287499e+02
-2.182397195249016306e+02
-2.182397195249009201e+02
-2.182072652850066845e+02
-2.181416481265805771e+02
-2.180864184264282812e+02

N=11, t_perp=0.100 
-2.229699812626520554e+02
-2.229699812626469964e+02
-2.229553066985822909e+02
-2.223721458566352851e+02
-2.223415574695128782e+02
-2.223415574695101498e+02
-2.219379713387779418e+02
-2.218464413399098021e+02
-2.218464413399000250e+02
-2.218375049634699963e+02
-2.218375049634612992e+02
-2.216884531347751022e+02
-2.216796170700456798e+02
-2.216796170700450546e+02
-2.216740441884927861e+02
-2.213885416069311987e+02
-2.212833803801719910e+02
-2.212833803801690067e+02
-2.212115188069200542e+02
-2.212115188069194858e+02
-2.211735586882710152e+02
-2.209968058137960440e+02
-2.209641643542817917e+02
-2.209641643542814506e+02
-2.209505579459459739e+02
-2.209253985470383270e+02
-2.209253985470379007e+02
-2.208318290566950566e+02
-2.208318290566939197e+02
-2.207838407783146977e+02
-2.207825752506506944e+02
-2.207825752506477670e+02
-2.207789558489041895e+02
-2.206746589280425894e+02
-2.206746589280413673e+02
-2.206502887142957547e+02
-2.205257558417523569e+02
-2.205184932727392493e+02
-2.204833884655596989e+02
-2.204833884655595284e+02

N=12, t_perp=0.100 
-2.252861338329048237e+02
-2.251667357000990819e+02
-2.251667357000891627e+02
-2.247445808878464675e+02
-2.247445808878291018e+02
-2.243448363478708529e+02
-2.242491141453888304e+02
-2.242033298029484456e+02
-2.242033298029448645e+02
-2.241314960764617013e+02
-2.240268670509606750e+02
-2.240197174812896606e+02
-2.240197174812884953e+02
-2.240127225852182278e+02
-2.240127225852173467e+02
-2.238613647550763801e+02
-2.238051076396404255e+02
-2.238051076396340306e+02
-2.234778965454416948e+02
-2.234778965454316904e+02
-2.234109006284583359e+02
-2.233607384186486229e+02
-2.233400224862594143e+02
-2.233400224862589596e+02
-2.233207388884540592e+02
-2.232961456773571740e+02
-2.232961456773567193e+02
-2.232623932583041153e+02
-2.231821382050001432e+02
-2.231821382049968747e+02
-2.231763227626288426e+02
-2.231763227626285016e+02
-2.231705694716530104e+02
-2.230858930909979847e+02
-2.230623827005993007e+02
-2.230623827005992723e+02
-2.229575373426110900e+02
-2.229543267877297126e+02
-2.229543267877282062e+02
-2.229265311052660365e+02

