N=5, t_perp=0.100 
-2.098684985465500858e+02
-2.098684985465500574e+02
-2.096874761741098325e+02
-2.088448843160984438e+02
-2.085613070768151829e+02
-2.085613070768140460e+02
-2.080551588331852315e+02
-2.080551588331832136e+02
-2.078345816266853490e+02
-2.077796968621230747e+02
-2.076719189649211899e+02
-2.076620021823013360e+02
-2.076620021823005686e+02
-2.076367251816586190e+02
-2.076367251816582495e+02
-2.070383785191068284e+02
-2.068472529416545740e+02
-2.068472529416534087e+02
-2.064625926721139990e+02
-2.064480649555539173e+02
-2.063572761782386351e+02
-2.063572761782384077e+02
-2.061406020055508748e+02
-2.061406020055501926e+02
-2.059496510078282654e+02
-2.059496510078259064e+02
-2.059484319091160671e+02
-2.058308123551210826e+02
-2.058308123551210542e+02
-2.056482544822674470e+02
-2.054889930077509064e+02
-2.054889930077503664e+02
-2.051650532157412385e+02
-2.051650532157401301e+02
-2.051038463998510508e+02
-2.050787366022588003e+02
-2.050787366022584592e+02
-2.050072257375302627e+02
-2.049005702768752712e+02
-2.046516186004344888e+02

N=6, t_perp=0.100 
-2.123659061229496103e+02
-2.119261018279221105e+02
-2.119261018279179041e+02
-2.115273253974906709e+02
-2.115273253974855265e+02
-2.105968114244395508e+02
-2.105470519881411349e+02
-2.104693052063666414e+02
-2.104215878194906111e+02
-2.104215878194894742e+02
-2.103712860331761760e+02
-2.103712860331758918e+02
-2.102105591683910006e+02
-2.101965415082179049e+02
-2.101965415082169955e+02
-2.098852884942876358e+02
-2.098852884942862147e+02
-2.097636164557302152e+02
-2.093177496987490258e+02
-2.093165131256259883e+02
-2.093165131256230893e+02
-2.091575097260105451e+02
-2.090553513789758142e+02
-2.090553513789747910e+02
-2.090065813353567705e+02
-2.089829317374715743e+02
-2.089829317374704658e+02
-2.087666271214605445e+02
-2.087666271214603455e+02
-2.087571345524197852e+02
-2.087459054920807091e+02
-2.087459054920806523e+02
-2.085649440632547567e+02
-2.085154683318299931e+02
-2.084977876423660064e+02
-2.084977876423651821e+02
-2.084883915402495802e+02
-2.084125946583435791e+02
-2.084125946583417885e+02
-2.082048743416205525e+02

N=7, t_perp=0.100 
-2.145934716848303481e+02
-2.144064786432468850e+02
-2.144064786432426217e+02
-2.138045665953279695e+02
-2.138045665953175671e+02
-2.133496257414489605e+02
-2.131510103820063193e+02
-2.129655909205178261e+02
-2.129655909205173430e+02
-2.128118787054277448e+02
-2.127203963303420551e+02
-2.127203963303395824e+02
-2.127189675270258249e+02
-2.127189675270242333e+02
-2.126250626610278687e+02
-2.125405557191318167e+02
-2.125405557191308787e+02
-2.122993811544377252e+02
-2.121431348359170954e+02
-2.121036390683264869e+02
-2.119827005842370795e+02
-2.119827005842350616e+02
-2.119338630504136916e+02
-2.119338630504135494e+02
-2.119064247508254937e+02
-2.117188080010902809e+02
-2.117188080010899114e+02
-2.116671158168182387e+02
-2.116671158168157092e+02
-2.114674659511262860e+02
-2.114674659511257460e+02
-2.114642287210392340e+02
-2.113784679062270584e+02
-2.113784679062268310e+02
-2.113471191055341194e+02
-2.112294647275089687e+02
-2.112206802172073594e+02
-2.111321328531244603e+02
-2.110959884672020905e+02
-2.110959884672008116e+02

N=8, t_perp=0.100 
-2.168557862115589501e+02
-2.168557862115568184e+02
-2.167407096460092930e+02
-2.161886743792978223e+02
-2.159960192970965522e+02
-2.159960192970891626e+02
-2.154779353118693166e+02
-2.154779353118610743e+02
-2.154651019380143566e+02
-2.153651946310403673e+02
-2.153651946310402536e+02
-2.152738921958369360e+02
-2.152207296192237891e+02
-2.152196054412422939e+02
-2.152196054412360695e+02
-2.148622414157717913e+02
-2.147828736513741319e+02
-2.147828736513730519e+02
-2.146892034446700279e+02
-2.146810721835364006e+02
-2.146810721835356901e+02
-2.145499761497336237e+02
-2.145499761497333679e+02
-2.144045522050040233e+02
-2.143804199035859313e+02
-2.143564387910394657e+02
-2.142940959863622936e+02
-2.142940959863611567e+02
-2.142584862250811568e+02
-2.142099963460140941e+02
-2.142099963460125878e+02
-2.142068041023558749e+02
-2.140838973907380591e+02
-2.140838973907373486e+02
-2.140666834968303078e+02
-2.140666834968297110e+02
-2.139204599431604379e+02
-2.139204599431587610e+02
-2.138379004262124568e+02
-2.138010457913399307e+02

N=9, t_perp=0.100 
-2.192726642114286619e+02
-2.190605760555367283e+02
-2.190605760555275481e+02
-2.186370115721351794e+02
-2.186370115721232992e+02
-2.180594466769284168e+02
-2.179787487032174624e+02
-2.179050017282356748e+02
-2.178703442006547277e+02
-2.178703442006520277e+02
-2.177521927492265377e+02
-2.177521927492254008e+02
-2.177157622466849602e+02
-2.177012994982738974e+02
-2.177012994982697478e+02
-2.174147979972929363e+02
-2.174147979972870530e+02
-2.173623374896215523e+02
-2.170480797012328935e+02
-2.170480797012291134e+02
-2.170126337960673197e+02
-2.170126337960665239e+02
-2.170043215326294330e+02
-2.169998800679582018e+02
-2.169034221972314072e+02
-2.168815853030578751e+02
-2.168272946157707963e+02
-2.168272946157690342e+02
-2.168223332311691252e+02
-2.167837330539655625e+02
-2.167837330539655341e+02
-2.167559908059569977e+02
-2.167559908059557188e+02
-2.166390170984341523e+02
-2.166390170984317081e+02
-2.165388024555689412e+02
-2.165347435364403168e+02
-2.165347435364387252e+02
-2.164742248660382984e+02
-2.164379396109769402e+02

N=10, t_perp=0.100 
-2.215745009877701932e+02
-2.214305391642264169e+02
-2.214305391642217842e+02
-2.209693874266323519e+02
-2.209693874266201021e+02
-2.205698389870973699e+02
-2.204282618405894993e+02
-2.203050497210796834e+02
-2.203050497210787739e+02
-2.202452991375595843e+02
-2.201581108048776230e+02
-2.201581108048773388e+02
-2.201319590640425758e+02
-2.201319590640409842e+02
-2.201159908856608354e+02
-2.199400038064557634e+02
-2.199400038064525233e+02
-2.198691288645418354e+02
-2.195464314609280905e+02
-2.195411872770926323e+02
-2.195411872770874027e+02
-2.195096312762680100e+02
-2.194369265244635301e+02
-2.194053004015873682e+02
-2.194053004015847250e+02
-2.193343527508115187e+02
-2.193343527508099839e+02
-2.192516606165741848e+02
-2.192516606165737585e+02
-2.192476363591683537e+02
-2.192476363591675579e+02
-2.192343972642745200e+02
-2.191955184997852086e+02
-2.191703523237362958e+02
-2.191703523237353295e+02
-2.191272421484167978e+02
-2.191055624229748844e+02
-2.191055624229744012e+02
-2.190540645429074402e+02
-2.190105274586706798e+02

N=11, t_perp=0.100 
-2.238455981794174647e+02
-2.238455981794141962e+02
-2.237832017200635164e+02
-2.232887002698527397e+02
-2.231755593678074376e+02
-2.231755593677944773e+02
-2.227676182178301190e+02
-2.227314013863780531e+02
-2.227314013863770299e+02
-2.226805724458081386e+02
-2.226805724458048132e+02
-2.226033029605846423e+02
-2.225453812563712575e+02
-2.225453812563648626e+02
-2.225075811413586564e+02
-2.223148006659888551e+02
-2.221961452159750934e+02
-2.221961452159701196e+02
-2.221322066874990355e+02
-2.221322066874984671e+02
-2.221050724695811596e+02
-2.219314023789426642e+02
-2.219314023789349619e+02
-2.218763180561602439e+02
-2.218437282462147948e+02
-2.218437282462117821e+02
-2.218213426551739076e+02
-2.217897485292166380e+02
-2.216899436711270255e+02
-2.216899436711248086e+02
-2.216758086947407378e+02
-2.216701718975249094e+02
-2.216701718975238293e+02
-2.216572898408932701e+02
-2.215964459890957130e+02
-2.215964459890949456e+02
-2.215330700382089617e+02
-2.215330700382066595e+02
-2.214802408764467430e+02
-2.214802408764458903e+02

N=12, t_perp=0.100 
-2.262231618918498270e+02
-2.261211689897143629e+02
-2.261211689897058363e+02
-2.256659743247472534e+02
-2.256659743247299446e+02
-2.253465061886016940e+02
-2.251880173599962802e+02
-2.251200950134625316e+02
-2.251200950134605989e+02
-2.250991688264381310e+02
-2.250069109835681331e+02
-2.249981624965143112e+02
-2.249981624965124070e+02
-2.249926080946370632e+02
-2.249926080946330558e+02
-2.247300767572166933e+02
-2.247300767572097016e+02
-2.247081369098355310e+02
-2.244851568220241802e+02
-2.244851568220149431e+02
-2.244352458236070618e+02
-2.243719485881435105e+02
-2.243520296545937924e+02
-2.243520296545902966e+02
-2.243037777200617597e+02
-2.242521160174963200e+02
-2.242400191302996291e+02
-2.242269105073770561e+02
-2.242269105073747255e+02
-2.242263202042181263e+02
-2.242263202042154830e+02
-2.241722366856448900e+02
-2.241722366856441795e+02
-2.240826552984007947e+02
-2.240826552983980662e+02
-2.240576439749216604e+02
-2.239663514744032966e+02
-2.239663514743993460e+02
-2.239378791834405433e+02
-2.238920895428781250e+02

