N=5, t_perp=0.100 
-2.080726234096822793e+02
-2.080726234096773624e+02
-2.080719998292330217e+02
-2.054638324265263805e+02
-2.054557416511962060e+02
-2.054557416511950976e+02
-2.053990055662769976e+02
-2.053990055662752638e+02
-2.053413706044734397e+02
-2.053208987975967545e+02
-2.052804954761344050e+02
-2.052804954761341207e+02
-2.052408154681055521e+02
-2.052408154681050689e+02
-2.052244254741965506e+02
-2.050914529750598660e+02
-2.050510125108295654e+02
-2.050510125108289401e+02
-2.050256674260430145e+02
-2.050256543476977242e+02
-2.050256543476975821e+02
-2.048011164854227388e+02
-2.047627213727488424e+02
-2.047627213727482740e+02
-2.046790209483346530e+02
-2.046790209483338003e+02
-2.046339083172540256e+02
-2.029724339862269460e+02
-2.029724339862240754e+02
-2.028652796696102030e+02
-2.028445280018143819e+02
-2.028445280018140124e+02
-2.028218245103359436e+02
-2.027058453457185863e+02
-2.026573071430679249e+02
-2.026320459440397030e+02
-2.026320459440383672e+02
-2.025979501665901807e+02
-2.025979501665880491e+02
-2.025368321209361682e+02

N=6, t_perp=0.100 
-2.100855282736067693e+02
-2.100852462783295778e+02
-2.100852462783253145e+02
-2.074569530279800915e+02
-2.074506752197234221e+02
-2.074506752197231378e+02
-2.074266301376275123e+02
-2.074266301376257786e+02
-2.074058747254423167e+02
-2.073296717168961436e+02
-2.073129426313246597e+02
-2.073129426313243187e+02
-2.073084425370792587e+02
-2.073053888800607183e+02
-2.073053888800598372e+02
-2.071693582514239438e+02
-2.071543456941724060e+02
-2.071543456941710417e+02
-2.071219328916451730e+02
-2.071219328916450593e+02
-2.071072162330167998e+02
-2.070530507239211033e+02
-2.070468547016378693e+02
-2.070468547016363345e+02
-2.070214732117852634e+02
-2.070214732117849223e+02
-2.070052252410418134e+02
-2.067673548981218232e+02
-2.067443996405385462e+02
-2.067443996405376083e+02
-2.066984452165429218e+02
-2.066984452165415860e+02
-2.066752799141953574e+02
-2.050531386643380927e+02
-2.050531386643378937e+02
-2.050346073296007603e+02
-2.049054250676996389e+02
-2.049007264246346551e+02
-2.049007264246325235e+02
-2.047423692138845581e+02

N=7, t_perp=0.100 
-2.120983361819174888e+02
-2.120982316859204104e+02
-2.120982316859147545e+02
-2.094677140433060742e+02
-2.094598694352438315e+02
-2.094598694352410178e+02
-2.094427739673257918e+02
-2.094427739673243423e+02
-2.094335174364152863e+02
-2.093384010654200722e+02
-2.093321589057376571e+02
-2.093321589057372591e+02
-2.093259810447356415e+02
-2.093259810447350446e+02
-2.093249157481342024e+02
-2.092559705350384149e+02
-2.092480884174404423e+02
-2.092480884174382822e+02
-2.092255384018634174e+02
-2.092255384018620532e+02
-2.092110398875578596e+02
-2.091058952062975607e+02
-2.091011979187675536e+02
-2.091011979187653367e+02
-2.090900151764273005e+02
-2.090900151764265047e+02
-2.090743015885432499e+02
-2.090604650285204400e+02
-2.090333661781765215e+02
-2.090333661781760100e+02
-2.089995810777595580e+02
-2.089995810777593590e+02
-2.089836420378127855e+02
-2.087555255848650120e+02
-2.087425066418930442e+02
-2.087425066418929021e+02
-2.087172624534315730e+02
-2.087172624534304077e+02
-2.087048999018824702e+02
-2.070945917866454806e+02

N=8, t_perp=0.100 
-2.141111935427223045e+02
-2.141111935427160518e+02
-2.141111914747266098e+02
-2.114743113225478623e+02
-2.114700808429448102e+02
-2.114700808429422807e+02
-2.114604484857823081e+02
-2.114604484857800060e+02
-2.114549353749547151e+02
-2.113563744101534780e+02
-2.113502174798507269e+02
-2.113502174798506985e+02
-2.113393456292318717e+02
-2.113393456292318149e+02
-2.113346144688624122e+02
-2.112985230346954211e+02
-2.112935314391653208e+02
-2.112935314391652071e+02
-2.112809842476796405e+02
-2.112809842476785605e+02
-2.112723751933313565e+02
-2.111893345978402010e+02
-2.111815191091573070e+02
-2.111815191091570227e+02
-2.111704842368242794e+02
-2.111704842368227730e+02
-2.111664708021365584e+02
-2.111061725613405429e+02
-2.111007169979765195e+02
-2.111007169979757236e+02
-2.110853876386144350e+02
-2.110853876386136676e+02
-2.110719013261493444e+02
-2.110265412301036179e+02
-2.110081498047798902e+02
-2.110081498047788671e+02
-2.109821947684162922e+02
-2.109821947684155248e+02
-2.109711249085433451e+02
-2.107547424928485498e+02

N=9, t_perp=0.100 
-2.161241201920833532e+02
-2.161241186921045028e+02
-2.161241186920979089e+02
-2.134829209756608748e+02
-2.134808259716015186e+02
-2.134808259716008649e+02
-2.134761198987009152e+02
-2.134761198986999489e+02
-2.134734608135144640e+02
-2.133721031181704291e+02
-2.133667131703459461e+02
-2.133667131703456619e+02
-2.133560167318861431e+02
-2.133560167318851768e+02
-2.133507228712240078e+02
-2.133209224485611344e+02
-2.133198339319646379e+02
-2.133198339319643821e+02
-2.133165753556660036e+02
-2.133165753556653783e+02
-2.133137389341005132e+02
-2.132532788150465137e+02
-2.132446739254329486e+02
-2.132446739254315560e+02
-2.132299514192834806e+02
-2.132299514192833954e+02
-2.132232343231410425e+02
-2.131567880077585642e+02
-2.131539327743779779e+02
-2.131539327743778642e+02
-2.131469923729575839e+02
-2.131469923729571292e+02
-2.131417808397120552e+02
-2.131111579697385423e+02
-2.131006633015881846e+02
-2.131006633015879288e+02
-2.130803734783675054e+02
-2.130803734783668801e+02
-2.130678835155021318e+02
-2.130046891676377925e+02

N=10, t_perp=0.100 
-2.181370463496906495e+02
-2.181370451219034123e+02
-2.181370451218934647e+02
-2.154940426141607759e+02
-2.154927783993480830e+02
-2.154927783993457240e+02
-2.154901227602303209e+02
-2.154901227602302924e+02
-2.154887231627035362e+02
-2.153866155640985767e+02
-2.153824436044332629e+02
-2.153824436044321828e+02
-2.153730607054651216e+02
-2.153730607054640132e+02
-2.153673498138514617e+02
-2.153450334927836707e+02
-2.153434874686435023e+02
-2.153434874686430192e+02
-2.153415995782404480e+02
-2.153415995782402774e+02
-2.153409081954825126e+02
-2.152906979446070466e+02
-2.152844623264083452e+02
-2.152844623264080326e+02
-2.152717423558538599e+02
-2.152717423558538314e+02
-2.152646680804353423e+02
-2.152193849342543501e+02
-2.152150020717716075e+02
-2.152150020717715790e+02
-2.152082857884795146e+02
-2.152082857884789462e+02
-2.152054709310932026e+02
-2.151488990519422089e+02
-2.151449137933416864e+02
-2.151449137933410611e+02
-2.151337656381902264e+02
-2.151337656381881800e+02
-2.151192000092318324e+02
-2.151137429129237262e+02

N=11, t_perp=0.100 
-2.201499719054237971e+02
-2.201499718526623610e+02
-2.201499718526621336e+02
-2.175059320898607780e+02
-2.175051819219470701e+02
-2.175051819219467006e+02
-2.175036327650367411e+02
-2.175036327650358885e+02
-2.175028318980664324e+02
-2.174011944264839258e+02
-2.173978284217254497e+02
-2.173978284217242276e+02
-2.173893838279395254e+02
-2.173893838279387580e+02
-2.173825647391869325e+02
-2.173707750640598704e+02
-2.173659872776706550e+02
-2.173659872776698023e+02
-2.173616458816929082e+02
-2.173616458816921977e+02
-2.173603280203482484e+02
-2.173182755953716310e+02
-2.173143244515647723e+02
-2.173143244515640617e+02
-2.173051277653370619e+02
-2.173051277653369766e+02
-2.172993003792034585e+02
-2.172643177295095143e+02
-2.172588744164862646e+02
-2.172588744164861509e+02
-2.172502079068051728e+02
-2.172502079068047180e+02
-2.172463199501094664e+02
-2.172010597913774177e+02
-2.171988012161104109e+02
-2.171988012161103541e+02
-2.171942452683441616e+02
-2.171942452683433658e+02
-2.171917907127465242e+02
-2.171482393537979760e+02

N=12, t_perp=0.100 
-2.221628982123715730e+02
-2.221628982078286185e+02
-2.221628982078277375e+02
-2.195181775345997153e+02
-2.195177670309359428e+02
-2.195177670309336406e+02
-2.195169249821653921e+02
-2.195169249821634310e+02
-2.195164929020538693e+02
-2.194156537410307237e+02
-2.194128685744493623e+02
-2.194128685744416316e+02
-2.194054376592054894e+02
-2.194054376592008566e+02
-2.193975044975293827e+02
-2.193928549055552537e+02
-2.193856455013462607e+02
-2.193856455013457492e+02
-2.193799499596496787e+02
-2.193799499596465523e+02
-2.193781532824567080e+02
-2.193426125543145417e+02
-2.193401532090533124e+02
-2.193401532090522608e+02
-2.193339441734773061e+02
-2.193339441734765956e+02
-2.193297980391017745e+02
-2.192965452243044808e+02
-2.192915977480514869e+02
-2.192915977480508900e+02
-2.192828747447612727e+02
-2.192828747447604201e+02
-2.192784256111594061e+02
-2.192483526454999208e+02
-2.192453027341785798e+02
-2.192453027341775851e+02
-2.192402661875293859e+02
-2.192402661875288175e+02
-2.192380075234920014e+02
-2.191911863568833212e+02

