N=5, t_perp=0.100 
-2.088086047723658112e+02
-2.088086047723657543e+02
-2.087239388595243099e+02
-2.075769057408124922e+02
-2.074254878636872093e+02
-2.074254878636868398e+02
-2.069705786147766275e+02
-2.069705786147753201e+02
-2.069006566495019683e+02
-2.067286731553893446e+02
-2.067286731553879235e+02
-2.067210360332778691e+02
-2.066674473830991019e+02
-2.066387362153512299e+02
-2.066387362153492688e+02
-2.058809507067371953e+02
-2.057693263796647614e+02
-2.057693263796641929e+02
-2.056624098262229552e+02
-2.053666069735625115e+02
-2.053517875466387466e+02
-2.053517875466367286e+02
-2.052134698186625030e+02
-2.052134698186607693e+02
-2.051854227408749693e+02
-2.051854227408736904e+02
-2.049721424366084648e+02
-2.049444827651547598e+02
-2.049444827651542482e+02
-2.048168817158748425e+02
-2.047477268581804992e+02
-2.047477268581802150e+02
-2.045370896925647060e+02
-2.044678938595278908e+02
-2.044678938595277771e+02
-2.044648829382416011e+02
-2.042972936623893929e+02
-2.042972936623884266e+02
-2.041708932297298702e+02
-2.039775114970784102e+02

N=6, t_perp=0.100 
-2.110124585617635091e+02
-2.108518347680080467e+02
-2.108518347680076772e+02
-2.098231325495402189e+02
-2.098231325495339377e+02
-2.092706589402328632e+02
-2.091983767707217794e+02
-2.091809428190013307e+02
-2.091459889838876904e+02
-2.091459889838872357e+02
-2.089997595145275397e+02
-2.089997595145268008e+02
-2.089788640190293165e+02
-2.089479141496582884e+02
-2.089479141496582315e+02
-2.086319406381489046e+02
-2.086319406381476824e+02
-2.086033316424869497e+02
-2.082015641868163698e+02
-2.082015641868150055e+02
-2.080403174305287735e+02
-2.078807179869739628e+02
-2.078285567597399677e+02
-2.077935821688468536e+02
-2.077935821688458304e+02
-2.077799604775244404e+02
-2.077799604775237867e+02
-2.076703429669281036e+02
-2.075734581427059879e+02
-2.075734581427049648e+02
-2.075515006208286195e+02
-2.075515006208280511e+02
-2.073433000855442572e+02
-2.073385606093167155e+02
-2.073385606093160334e+02
-2.073082517321660987e+02
-2.072218210031608407e+02
-2.071776416300424160e+02
-2.070872279125385944e+02
-2.070872279125376281e+02

N=7, t_perp=0.100 
-2.130925139377147559e+02
-2.130283094414618290e+02
-2.130283094414598963e+02
-2.118891876360762865e+02
-2.118891876360702895e+02
-2.115859976712105777e+02
-2.115356901188608276e+02
-2.113988135659324996e+02
-2.113988135659309080e+02
-2.112706351294230274e+02
-2.111974814525931663e+02
-2.111974814525911768e+02
-2.111871653762051722e+02
-2.111871653762044048e+02
-2.111737040218682182e+02
-2.109976396821525668e+02
-2.109976396821515152e+02
-2.109207878686945037e+02
-2.106224933804363388e+02
-2.106224933804352020e+02
-2.106092777737236190e+02
-2.105473859080800878e+02
-2.104352428188953184e+02
-2.104352428188944089e+02
-2.103157517040847608e+02
-2.103157517040839082e+02
-2.102651518496123515e+02
-2.101491097210384282e+02
-2.100596177927460246e+02
-2.100596177927442341e+02
-2.099256379218033430e+02
-2.099256379218016946e+02
-2.099233592383272367e+02
-2.098947240918661521e+02
-2.098947240918656405e+02
-2.098408705156411145e+02
-2.096624383671659757e+02
-2.096422498774955443e+02
-2.096422498774954306e+02
-2.096301773553892929e+02

N=8, t_perp=0.100 
-2.151971593060530381e+02
-2.151971593060519581e+02
-2.151754588463836626e+02
-2.139465189765030004e+02
-2.138984484394016192e+02
-2.138984484393976970e+02
-2.136552903903165088e+02
-2.136112110168164122e+02
-2.136112110168129163e+02
-2.135407714893876516e+02
-2.135407714893875095e+02
-2.134787244911222786e+02
-2.134135269417371035e+02
-2.134135269417370182e+02
-2.133935094274191044e+02
-2.131208653043045729e+02
-2.130620054465212263e+02
-2.130620054465194642e+02
-2.130285347467762165e+02
-2.130285347467756480e+02
-2.129872305234120518e+02
-2.127831319448556826e+02
-2.127831319448553984e+02
-2.127430795765887410e+02
-2.126604829916378208e+02
-2.126366424899755430e+02
-2.126021658335269251e+02
-2.126021658335268398e+02
-2.125025145149347452e+02
-2.125025145149331252e+02
-2.124996874284078672e+02
-2.124996874284072419e+02
-2.124515907813294291e+02
-2.123227472515520162e+02
-2.123086848484068696e+02
-2.123086848484060738e+02
-2.122011206026590173e+02
-2.121539843458642451e+02
-2.121539843458636199e+02
-2.120366491610234618e+02

N=9, t_perp=0.100 
-2.173516770109772267e+02
-2.173175675264970153e+02
-2.173175675264953099e+02
-2.160935359098794493e+02
-2.160935359098720028e+02
-2.158552788848373325e+02
-2.158146010617976742e+02
-2.157851835603709389e+02
-2.157851835603701147e+02
-2.157549296481054739e+02
-2.156857888540107808e+02
-2.156595859305037379e+02
-2.156595859305018053e+02
-2.156443709654945735e+02
-2.156443709654945735e+02
-2.153844563512824948e+02
-2.153744506724177938e+02
-2.153744506724154348e+02
-2.151783908746189127e+02
-2.151783908746188843e+02
-2.151032573110750548e+02
-2.150500787731942296e+02
-2.150500787731927232e+02
-2.150137794927741481e+02
-2.150042494301398790e+02
-2.149597147662479983e+02
-2.149597147662464636e+02
-2.148545937944176103e+02
-2.148511665309275429e+02
-2.148511665309272587e+02
-2.148264661000601166e+02
-2.147909756239726562e+02
-2.147909756239719172e+02
-2.146513052841316096e+02
-2.146513052841307285e+02
-2.146360211940226463e+02
-2.145507869265165937e+02
-2.145507148498619188e+02
-2.145507148498608672e+02
-2.145193279586994208e+02

N=10, t_perp=0.100 
-2.194825942548689852e+02
-2.194622541742825206e+02
-2.194622541742821511e+02
-2.181935113369816008e+02
-2.181935113369682995e+02
-2.180377558096481891e+02
-2.179694653015169763e+02
-2.179552771980232535e+02
-2.179552771980227703e+02
-2.178834941087683035e+02
-2.178541368263675224e+02
-2.178341888580772547e+02
-2.178341888580755494e+02
-2.178169572521985629e+02
-2.178169572521981934e+02
-2.176593171358060488e+02
-2.176303003480899179e+02
-2.176303003480854272e+02
-2.174069731887976786e+02
-2.174069731887916248e+02
-2.172953880127848834e+02
-2.172386116141923367e+02
-2.172005343711552996e+02
-2.171972568879102994e+02
-2.171972568879094752e+02
-2.171664041636503839e+02
-2.171664041636499576e+02
-2.171559063828667888e+02
-2.171559063828663909e+02
-2.171106908385778240e+02
-2.171070359342114955e+02
-2.171070359342089944e+02
-2.170876373107661550e+02
-2.170394110885110024e+02
-2.169827532810109290e+02
-2.169827532810087405e+02
-2.167909972408420742e+02
-2.167909972408418469e+02
-2.167908499218393956e+02
-2.167815171259030649e+02

N=11, t_perp=0.100 
-2.216106974226358375e+02
-2.216106974226279931e+02
-2.216062207592544837e+02
-2.202565376687535377e+02
-2.202565376687455796e+02
-2.202466432139868857e+02
-2.201668850166888092e+02
-2.201169727099534441e+02
-2.201169727099533304e+02
-2.200650964352765584e+02
-2.200650964352759615e+02
-2.200534171923339386e+02
-2.199773298844941678e+02
-2.199773298844927751e+02
-2.199476117817761462e+02
-2.197541061013626518e+02
-2.197162576043207309e+02
-2.197162576043194235e+02
-2.197152992750011720e+02
-2.197152992749999783e+02
-2.196901583463377960e+02
-2.194612127730506757e+02
-2.194564435625613328e+02
-2.194564435625607643e+02
-2.193894215825546610e+02
-2.193580280663157964e+02
-2.193580280663138353e+02
-2.193375344417038946e+02
-2.193375344417015924e+02
-2.193266989017067772e+02
-2.193117894248723587e+02
-2.193029694831912764e+02
-2.193029694831882921e+02
-2.192103282615637170e+02
-2.192103282615622675e+02
-2.191926836622301664e+02
-2.191926836622276369e+02
-2.191897267374281171e+02
-2.191536110953691718e+02
-2.190122469383239263e+02

N=12, t_perp=0.100 
-2.237536005080628740e+02
-2.237471155311689870e+02
-2.237471155311637006e+02
-2.224010685202320303e+02
-2.224010685202182742e+02
-2.223202738623074310e+02
-2.222749627289110208e+02
-2.222749627289075534e+02
-2.222604601972720388e+02
-2.222234587611003747e+02
-2.222080856742618664e+02
-2.221753929860524011e+02
-2.221753929860517189e+02
-2.221751825452644766e+02
-2.221751825452634819e+02
-2.219519883555380488e+02
-2.219361591705891783e+02
-2.219361591705890362e+02
-2.218397528257244176e+02
-2.218397528257208933e+02
-2.217847964120217625e+02
-2.216858253972760053e+02
-2.216858253972752948e+02
-2.216768093213605653e+02
-2.216540758472546599e+02
-2.216420718528956684e+02
-2.216420718528942189e+02
-2.215682124554258507e+02
-2.215594510061288815e+02
-2.215594510061286826e+02
-2.215483742703213181e+02
-2.215214410226162443e+02
-2.215214410226155053e+02
-2.213783331303756086e+02
-2.213783331303753528e+02
-2.213638363933621065e+02
-2.213296983925894494e+02
-2.213296983925884547e+02
-2.213127821040260983e+02
-2.212949776958264465e+02

