N=5, t_perp=0.100 
-2.095539027975053443e+02
-2.095539027975028432e+02
-2.094541185343819052e+02
-2.085516228455156806e+02
-2.083703357367112119e+02
-2.083703357367100182e+02
-2.076114257411188078e+02
-2.076081917696685650e+02
-2.076081917696674282e+02
-2.074502695415865219e+02
-2.074502695415860387e+02
-2.074046646021404570e+02
-2.072801558344404782e+02
-2.072801558344403929e+02
-2.072416496624476849e+02
-2.060166567566519404e+02
-2.060044660963728518e+02
-2.060039609814714936e+02
-2.060039609814710957e+02
-2.056433461500892861e+02
-2.056433461500883197e+02
-2.055362661838300085e+02
-2.055362661838285590e+02
-2.055293971858825728e+02
-2.053578132752767829e+02
-2.053578132752754755e+02
-2.052822921250478885e+02
-2.052822921250471211e+02
-2.052816971465607025e+02
-2.052802870961761244e+02
-2.050880227160744482e+02
-2.050550970045615031e+02
-2.050550970045606505e+02
-2.050222297724000100e+02
-2.050222297723998395e+02
-2.048727707655942538e+02
-2.045445257160276356e+02
-2.045445257160261860e+02
-2.044066602731040803e+02
-2.044066602731030855e+02

N=6, t_perp=0.100 
-2.119928004922569187e+02
-2.115543868339464098e+02
-2.115543868339424307e+02
-2.112751307009632455e+02
-2.112751307009597781e+02
-2.101923679761825952e+02
-2.101568894689339686e+02
-2.101203664493828001e+02
-2.100948497844051417e+02
-2.100948497844045448e+02
-2.098073847601542354e+02
-2.098073847601530986e+02
-2.097962153746604486e+02
-2.097962153746597380e+02
-2.097942415323135776e+02
-2.095160816008244069e+02
-2.095053417041321211e+02
-2.095053417041307853e+02
-2.087763323018772894e+02
-2.087763323018766357e+02
-2.086615808526555611e+02
-2.086558533128068973e+02
-2.086558533128068120e+02
-2.084993989973048372e+02
-2.084917575632718751e+02
-2.084070110314327451e+02
-2.082976658232181819e+02
-2.082976658232152261e+02
-2.080587372675337576e+02
-2.080498257333610184e+02
-2.080498257333601089e+02
-2.079446471228216637e+02
-2.079446471228212090e+02
-2.078928548387727346e+02
-2.078821280790200206e+02
-2.078821280790187700e+02
-2.078047305591529721e+02
-2.078047305591528584e+02
-2.077972981796485215e+02
-2.077398596193614821e+02

N=7, t_perp=0.100 
-2.141556326464225890e+02
-2.139836252204465836e+02
-2.139836252204451341e+02
-2.134373857518932311e+02
-2.134373857518838236e+02
-2.130269798927588170e+02
-2.126811005047998435e+02
-2.125908709316678937e+02
-2.125908709316669558e+02
-2.124032992477866628e+02
-2.123119440792249009e+02
-2.123119440792244461e+02
-2.122318604864190092e+02
-2.122318604864185829e+02
-2.122215712395382070e+02
-2.120212041890590910e+02
-2.120212041890561920e+02
-2.118311005486286831e+02
-2.116514042954468096e+02
-2.114821992877163268e+02
-2.114821992877162984e+02
-2.114610790789555210e+02
-2.113976872133436302e+02
-2.113976872133424934e+02
-2.113522897325245253e+02
-2.112382506467102417e+02
-2.112382506467085364e+02
-2.109916736625069404e+02
-2.109916736625066562e+02
-2.109102028766338606e+02
-2.108510170447161727e+02
-2.108112771196657889e+02
-2.108112771196653057e+02
-2.108019990006118576e+02
-2.107689673272938649e+02
-2.107689673272927280e+02
-2.105926964247778130e+02
-2.105538149279606159e+02
-2.105538149279603601e+02
-2.105465291742082172e+02

N=8, t_perp=0.100 
-2.163417356752370324e+02
-2.163417356752323144e+02
-2.162777197952344750e+02
-2.157265106282158911e+02
-2.156107179965568719e+02
-2.156107179965505907e+02
-2.150442930729913940e+02
-2.149591764483636780e+02
-2.149591764483635927e+02
-2.149290954266176641e+02
-2.149290954266172093e+02
-2.147562686608630713e+02
-2.147485380939946822e+02
-2.147391751762991987e+02
-2.147391751762980050e+02
-2.143552135365742402e+02
-2.142428604250414139e+02
-2.142428604250365822e+02
-2.140821802702054697e+02
-2.140821802702054697e+02
-2.140227552025796172e+02
-2.139184031343506547e+02
-2.139184031343479546e+02
-2.138409942834105095e+02
-2.138189942446252871e+02
-2.138189942446245198e+02
-2.138127861683744015e+02
-2.137259680413290255e+02
-2.136970539866741490e+02
-2.136682799920441767e+02
-2.136682799920432956e+02
-2.136019143351817036e+02
-2.136019143351787193e+02
-2.134163091185901635e+02
-2.133848802440635666e+02
-2.133848802440629413e+02
-2.133409182471393137e+02
-2.133409182471392000e+02
-2.132770762147530093e+02
-2.132287076675074786e+02

N=9, t_perp=0.100 
-2.187080680615572419e+02
-2.184573019506480307e+02
-2.184573019506317451e+02
-2.182076194772676843e+02
-2.182076194772581914e+02
-2.175652114053845878e+02
-2.174408153672822266e+02
-2.173749970338789410e+02
-2.173749970338765820e+02
-2.173391040573542625e+02
-2.171634034882847857e+02
-2.171563647298374349e+02
-2.171563647298343653e+02
-2.171526211886103681e+02
-2.171526211886102544e+02
-2.169406009425492527e+02
-2.169002971057611830e+02
-2.169002971057609273e+02
-2.164190464678594878e+02
-2.164190464678565604e+02
-2.163901988363086559e+02
-2.163483277293712490e+02
-2.163327345977894538e+02
-2.163327345977889706e+02
-2.162892775604841802e+02
-2.162796799676255546e+02
-2.162796799676247304e+02
-2.162551620966377186e+02
-2.161800767985104414e+02
-2.161753080082308998e+02
-2.161753080082299618e+02
-2.161387302015434102e+02
-2.161387302015431260e+02
-2.159412334090872037e+02
-2.159066027547269755e+02
-2.159066027547269755e+02
-2.158919924136592954e+02
-2.158919924136591248e+02
-2.158717856093934415e+02
-2.158335229904621428e+02

N=10, t_perp=0.100 
-2.209311568145416231e+02
-2.207770114871774751e+02
-2.207770114871659359e+02
-2.204457923649836175e+02
-2.204457923649691509e+02
-2.200642410357841072e+02
-2.198147008123735020e+02
-2.197464993870810872e+02
-2.197464993870776766e+02
-2.196404979126143360e+02
-2.195543147321904769e+02
-2.195543147321903916e+02
-2.195352260406444032e+02
-2.195251826542169624e+02
-2.195251826542166498e+02
-2.192978646975151094e+02
-2.192978646975146262e+02
-2.192721591437316420e+02
-2.189361653919872595e+02
-2.189271028396383656e+02
-2.189271028396372287e+02
-2.188136844896280309e+02
-2.188004555939989189e+02
-2.187856751207707191e+02
-2.187856751207702075e+02
-2.187105040162012983e+02
-2.187105040161968077e+02
-2.185965334733998588e+02
-2.185397801187282028e+02
-2.185397801187280322e+02
-2.185216454550155731e+02
-2.185040377874363173e+02
-2.185040377874351236e+02
-2.184717229933638691e+02
-2.184717229933636418e+02
-2.183746357019562083e+02
-2.183746357019560378e+02
-2.183621870346728997e+02
-2.183590695187089921e+02
-2.183336995228234230e+02

N=11, t_perp=0.100 
-2.231191077159616896e+02
-2.231191077159560621e+02
-2.230831743554991817e+02
-2.226677770942506811e+02
-2.226066805179956418e+02
-2.226066805179834489e+02
-2.221437384462553268e+02
-2.220575561590628411e+02
-2.220575561590603968e+02
-2.220444002345631134e+02
-2.220444002345621470e+02
-2.219255397791355051e+02
-2.218944186805922243e+02
-2.218944186805893821e+02
-2.218715553264482310e+02
-2.216305447507867825e+02
-2.215156971411063012e+02
-2.215156971411012989e+02
-2.214564284675870738e+02
-2.214564284675868464e+02
-2.213817460841652860e+02
-2.212289270622803770e+02
-2.211917063424108392e+02
-2.211917063424081107e+02
-2.211781761934458359e+02
-2.211646657533326845e+02
-2.211646657533284497e+02
-2.210486517068394505e+02
-2.210486517068391379e+02
-2.209966214521202801e+02
-2.209759648031067627e+02
-2.209746794555479994e+02
-2.209746794555435940e+02
-2.208082422672999598e+02
-2.207923302309974076e+02
-2.207923302309972371e+02
-2.207760755332002134e+02
-2.207760755331991902e+02
-2.207696391722531928e+02
-2.207477994038355575e+02

N=12, t_perp=0.100 
-2.254506049042247469e+02
-2.252926170226194245e+02
-2.252926170226062368e+02
-2.250650935158369350e+02
-2.250650935158227242e+02
-2.246628300968512519e+02
-2.244789457246725988e+02
-2.244242449105717299e+02
-2.244242449105692288e+02
-2.243616343821388739e+02
-2.242789757245564317e+02
-2.242608137437073879e+02
-2.242608137437022719e+02
-2.242586316684216001e+02
-2.242586316684156884e+02
-2.240748091826880000e+02
-2.240345425283211398e+02
-2.240345425283178145e+02
-2.237136520646348572e+02
-2.237136520646286613e+02
-2.236826598372085186e+02
-2.236155123983707540e+02
-2.236094966234112462e+02
-2.236094966234109052e+02
-2.235707919466198916e+02
-2.235308818036359355e+02
-2.235308818036353102e+02
-2.234988327527984779e+02
-2.234217304861420814e+02
-2.234217304861418825e+02
-2.234120505040178841e+02
-2.234024095246612092e+02
-2.234024095246609249e+02
-2.232355653879255044e+02
-2.232088297401163857e+02
-2.232088297401134298e+02
-2.231882307512966293e+02
-2.231819955730629204e+02
-2.231819955730623235e+02
-2.231765929066931733e+02

