N=5, t_perp=0.100 
-2.092892184572811800e+02
-2.092892184572800716e+02
-2.090846482575026357e+02
-2.081661749312929146e+02
-2.078170407079299764e+02
-2.078170407079282143e+02
-2.076883706343000711e+02
-2.076883706342980815e+02
-2.073925715152197142e+02
-2.073654864487685643e+02
-2.073654864487675979e+02
-2.072840753192487000e+02
-2.072825500990542480e+02
-2.071164506806159977e+02
-2.070925899093592193e+02
-2.070925899093585656e+02
-2.066470672173986713e+02
-2.066470672173974492e+02
-2.065405161242178167e+02
-2.064379864969163236e+02
-2.064379864969154141e+02
-2.061280683555131077e+02
-2.061136459552986366e+02
-2.061136459552971587e+02
-2.058459433402639434e+02
-2.058304287760146849e+02
-2.058304287760139175e+02
-2.055682706900398955e+02
-2.055682706900381618e+02
-2.055546230910274517e+02
-2.052610060818476825e+02
-2.052610060818470288e+02
-2.049091615023071995e+02
-2.049091615023062332e+02
-2.046991035281746178e+02
-2.046902641893659620e+02
-2.046902641893648536e+02
-2.045730040364230433e+02
-2.044818494328764018e+02
-2.044616139066719143e+02

N=6, t_perp=0.100 
-2.116283157516631945e+02
-2.112701810152800022e+02
-2.112701810152775295e+02
-2.104551102288431537e+02
-2.104551102288382083e+02
-2.101277531559510976e+02
-2.101277531559505007e+02
-2.099688805449318352e+02
-2.099513670140682962e+02
-2.098188552953633632e+02
-2.098188552953632495e+02
-2.096664288451455604e+02
-2.095810776764732282e+02
-2.095559687313425741e+02
-2.095559687313421193e+02
-2.092598993746534575e+02
-2.092598993746520932e+02
-2.090895411140118938e+02
-2.089196735883892586e+02
-2.088603890319116942e+02
-2.088603890319110405e+02
-2.088464313945546280e+02
-2.088200417447093287e+02
-2.088200417447084192e+02
-2.086106012670347809e+02
-2.085379692777163143e+02
-2.085379692777161722e+02
-2.084352640818809164e+02
-2.084352640818800069e+02
-2.084121655414229508e+02
-2.083335920264705123e+02
-2.083335920264694039e+02
-2.082312214239279342e+02
-2.082312214239274510e+02
-2.082202184240680367e+02
-2.082039165993935512e+02
-2.082039165993930681e+02
-2.081473234274667448e+02
-2.080099255360915151e+02
-2.079093718682751444e+02

N=7, t_perp=0.100 
-2.137315241928108946e+02
-2.135750763734191366e+02
-2.135750763734183977e+02
-2.127166582646667905e+02
-2.127166582646573545e+02
-2.123809981038712920e+02
-2.122937085156282819e+02
-2.121150441135200992e+02
-2.121150441135197298e+02
-2.121009759152622678e+02
-2.121009759152617278e+02
-2.120019763706428364e+02
-2.119396377561706402e+02
-2.119396377561680254e+02
-2.117882552397748270e+02
-2.117882552397743439e+02
-2.117811009747065327e+02
-2.116833476768979665e+02
-2.115016168759701145e+02
-2.113804035090596756e+02
-2.113789529320175404e+02
-2.113789529320175120e+02
-2.112886684132122355e+02
-2.112886684132110418e+02
-2.112569029636404707e+02
-2.112569029636399307e+02
-2.111190321451646525e+02
-2.109961991958963097e+02
-2.109961991958963097e+02
-2.109322582925304346e+02
-2.109322582925300935e+02
-2.109316946819960208e+02
-2.108999948920678378e+02
-2.108981922468086907e+02
-2.107632112273113023e+02
-2.107632112273108760e+02
-2.106637686968483933e+02
-2.106450887483608483e+02
-2.105327260729253851e+02
-2.105327260729245040e+02

N=8, t_perp=0.100 
-2.158772580465804367e+02
-2.158772580465801241e+02
-2.157814050064616538e+02
-2.149057043603901889e+02
-2.147272277335564752e+02
-2.147272277335439412e+02
-2.145499151567757110e+02
-2.145499151567669571e+02
-2.143872903505686338e+02
-2.143359148484812806e+02
-2.143359148484796322e+02
-2.143321930692649175e+02
-2.143077535918781393e+02
-2.143077535918774572e+02
-2.142599067485164710e+02
-2.141381431870773895e+02
-2.139405097940454539e+02
-2.139405097940446581e+02
-2.139082804097777739e+02
-2.139082804097764381e+02
-2.138971145016033688e+02
-2.138057141563126891e+02
-2.137515077565444699e+02
-2.137515077565423951e+02
-2.135806132682678822e+02
-2.135629432739578419e+02
-2.135446426606695809e+02
-2.135446426606687567e+02
-2.134991653787905079e+02
-2.133625921309198645e+02
-2.133625921309190403e+02
-2.133066449803569355e+02
-2.132870752261358689e+02
-2.132661232038370258e+02
-2.132661232038357753e+02
-2.132546334511962698e+02
-2.132546334511948487e+02
-2.131530640582052740e+02
-2.131530640582035119e+02
-2.131076068117702391e+02

N=9, t_perp=0.100 
-2.181340500004030503e+02
-2.180103510844398897e+02
-2.180103510844392360e+02
-2.170938400622156053e+02
-2.170938400622070787e+02
-2.168189139132512366e+02
-2.167943762690756841e+02
-2.167943762690751726e+02
-2.167864668187799850e+02
-2.167041552053621558e+02
-2.167004194018544752e+02
-2.167004194018535941e+02
-2.165677130021315406e+02
-2.165208574653146059e+02
-2.165208574653134690e+02
-2.162466643837818197e+02
-2.162466643837748563e+02
-2.161727618727925631e+02
-2.161348647200804578e+02
-2.161348647200789514e+02
-2.161283156735977968e+02
-2.161097766446578703e+02
-2.161097766446558239e+02
-2.160968475003860476e+02
-2.160968475003840013e+02
-2.160076842849931609e+02
-2.159797765105030862e+02
-2.158336557222055205e+02
-2.157935123112928579e+02
-2.157935123112916642e+02
-2.157496951480887049e+02
-2.157496951480873122e+02
-2.156649734748509672e+02
-2.156453396643701694e+02
-2.156376681423372474e+02
-2.156283070110700919e+02
-2.156283070110687561e+02
-2.155478211086672502e+02
-2.155478211086667955e+02
-2.155273024331685008e+02

N=10, t_perp=0.100 
-2.203204227118071401e+02
-2.202375189299484362e+02
-2.202375189299465603e+02
-2.193091828462444255e+02
-2.193091828462330284e+02
-2.191382411164823907e+02
-2.190007958021623722e+02
-2.189897666460040000e+02
-2.189897666460039716e+02
-2.189370518171832316e+02
-2.189147800648338773e+02
-2.189147800648296993e+02
-2.187838509658112400e+02
-2.187838509658088526e+02
-2.187504016126923716e+02
-2.187344349471806595e+02
-2.187344349471779594e+02
-2.186698072072663024e+02
-2.184281602188417253e+02
-2.183747973828849922e+02
-2.183747973828837985e+02
-2.183382777673199371e+02
-2.183382777673173791e+02
-2.182922930145226985e+02
-2.182922930145226417e+02
-2.182600283771380134e+02
-2.182600283771370755e+02
-2.182581484046399964e+02
-2.181860154769992448e+02
-2.181825464332270030e+02
-2.181825464332263493e+02
-2.181559557027617871e+02
-2.181068428025222659e+02
-2.179664977442790246e+02
-2.179664977442762392e+02
-2.179649090205873279e+02
-2.179553169924096494e+02
-2.179464822169346405e+02
-2.178844721084917353e+02
-2.178844721084899447e+02

N=11, t_perp=0.100 
-2.224908478003792425e+02
-2.224908478003755476e+02
-2.224549325383208043e+02
-2.214857083184107296e+02
-2.214234479969919391e+02
-2.214234479969836684e+02
-2.212800045192641676e+02
-2.212800045192568916e+02
-2.212253740081006868e+02
-2.211523667451425581e+02
-2.211523667451414781e+02
-2.211477310667716267e+02
-2.210985460572578916e+02
-2.210985460572570105e+02
-2.210038915615826625e+02
-2.209534469349019901e+02
-2.209008951855181522e+02
-2.208446608932684398e+02
-2.208446608932665356e+02
-2.208022474494798360e+02
-2.208022474494781875e+02
-2.206960534574066344e+02
-2.206536218701752716e+02
-2.206536218701729126e+02
-2.205430601035724862e+02
-2.204913289167381265e+02
-2.204913289167381265e+02
-2.204523959081458599e+02
-2.204047975081399215e+02
-2.204047975081398647e+02
-2.204009584447848908e+02
-2.203911466220835678e+02
-2.203911466220830278e+02
-2.203565810482865004e+02
-2.203565810482857330e+02
-2.203471189909118380e+02
-2.203204750065216615e+02
-2.203204750065213773e+02
-2.203171598501917572e+02
-2.202474008389579865e+02

N=12, t_perp=0.100 
-2.247153458180676751e+02
-2.246776960779835690e+02
-2.246776960779829153e+02
-2.236857733017704390e+02
-2.236857733017550913e+02
-2.235309291826591220e+02
-2.234925813147255553e+02
-2.234820348879995606e+02
-2.234595404433926547e+02
-2.234595404433921999e+02
-2.234336369217108995e+02
-2.234336369217099332e+02
-2.233768224990950273e+02
-2.233393838595976320e+02
-2.233393838595927434e+02
-2.230987706765678524e+02
-2.230987706765610596e+02
-2.230939235582735023e+02
-2.230414960095639856e+02
-2.230414960095626782e+02
-2.229909113829502871e+02
-2.229909113829497755e+02
-2.229714407743815912e+02
-2.229662244003892511e+02
-2.229662244003886826e+02
-2.229142473657458083e+02
-2.229063460822395371e+02
-2.227218416407841062e+02
-2.227026157712739405e+02
-2.227026157712736563e+02
-2.226907903998427116e+02
-2.226676426342146726e+02
-2.226676426342132515e+02
-2.226324865747995148e+02
-2.225704798771155879e+02
-2.225704798771124331e+02
-2.225578480689114826e+02
-2.225578480689109711e+02
-2.224941905526843016e+02
-2.224941905526837331e+02

