N=5, t_perp=0.100 
-2.097685076687810408e+02
-2.097685076687807850e+02
-2.096351022930059003e+02
-2.087573115358157736e+02
-2.085356161291909416e+02
-2.085356161291890658e+02
-2.078427912392830876e+02
-2.078427912392822634e+02
-2.077772414089805864e+02
-2.076112053225493526e+02
-2.076112053225481304e+02
-2.076018201857351073e+02
-2.074916233664334584e+02
-2.074815251604514117e+02
-2.074815251604513549e+02
-2.065130200000023990e+02
-2.064508593329152006e+02
-2.064508593329148596e+02
-2.062801134897567579e+02
-2.058738197573800619e+02
-2.058738197573784987e+02
-2.058557766667039459e+02
-2.057604792111984864e+02
-2.057604792111976337e+02
-2.056796472376036604e+02
-2.056796472376027793e+02
-2.055635108660061121e+02
-2.055635108660040657e+02
-2.055352034201635263e+02
-2.054800387465087113e+02
-2.053737022398468639e+02
-2.053737022398462955e+02
-2.051312510920786281e+02
-2.051252278359116303e+02
-2.051252278359113177e+02
-2.051102029415569348e+02
-2.048275545546717922e+02
-2.048275545546717069e+02
-2.046820646984684515e+02
-2.045824346316155697e+02

N=6, t_perp=0.100 
-2.122465049871453857e+02
-2.118430813803264527e+02
-2.118430813803217063e+02
-2.114554028694993804e+02
-2.114554028694939518e+02
-2.104486750353378000e+02
-2.104049272326491007e+02
-2.103792539241349573e+02
-2.103043911717821572e+02
-2.103043911717799404e+02
-2.100963052817610048e+02
-2.100963052817598111e+02
-2.100691959837640468e+02
-2.100555620060652586e+02
-2.100555620060648039e+02
-2.097471258184887972e+02
-2.097471258184875182e+02
-2.097116852964495308e+02
-2.090921666910857084e+02
-2.090921666910838610e+02
-2.090071524732747150e+02
-2.088597131232014021e+02
-2.088597131232003221e+02
-2.088397813421779574e+02
-2.088038905571453938e+02
-2.086226567658672479e+02
-2.085820647406741273e+02
-2.085820647406730473e+02
-2.085508155881379366e+02
-2.085508155881378514e+02
-2.083232535023983303e+02
-2.083232535023970513e+02
-2.083016480267733641e+02
-2.081281823907775106e+02
-2.081281823907768569e+02
-2.081155904304380044e+02
-2.081155904304371234e+02
-2.081013899870143291e+02
-2.080855104980057320e+02
-2.080455147439438406e+02

N=7, t_perp=0.100 
-2.144668189311495041e+02
-2.142994999361913244e+02
-2.142994999361864359e+02
-2.136985728864399334e+02
-2.136985728864322027e+02
-2.132779300697223448e+02
-2.129801611698475199e+02
-2.128518366612717614e+02
-2.128518366612699708e+02
-2.126831897958893194e+02
-2.125917417594698691e+02
-2.125917417594685332e+02
-2.125423614612852816e+02
-2.125423614612823258e+02
-2.125210217503206707e+02
-2.123417671648410305e+02
-2.123417671648384157e+02
-2.121479447587977916e+02
-2.119367485304411787e+02
-2.118396175391724796e+02
-2.118045474890715241e+02
-2.118045474890701882e+02
-2.116958366592140806e+02
-2.116958366592124889e+02
-2.116583765505984331e+02
-2.115174146930304175e+02
-2.115174146930290533e+02
-2.113711122793475568e+02
-2.113711122793451693e+02
-2.112695522191625912e+02
-2.111340725034772277e+02
-2.111340725034771992e+02
-2.111142504276414229e+02
-2.111142504276404850e+02
-2.110970407438369989e+02
-2.110533908657413349e+02
-2.109543904887558199e+02
-2.108587999099326851e+02
-2.108587999099322303e+02
-2.107911911775489102e+02

N=8, t_perp=0.100 
-2.167147809862358372e+02
-2.167147809862348993e+02
-2.166352275928957454e+02
-2.160468442251867316e+02
-2.159048974440642610e+02
-2.159048974440543986e+02
-2.153569843017630205e+02
-2.152960792988944547e+02
-2.152960792988938863e+02
-2.152480326776869504e+02
-2.152480326776846198e+02
-2.151069952359934518e+02
-2.150717351038466632e+02
-2.150689895733949015e+02
-2.150689895733947878e+02
-2.147069103806339854e+02
-2.146009114626789085e+02
-2.146009114626763505e+02
-2.144748385837546607e+02
-2.144748385837545470e+02
-2.144123881990985865e+02
-2.142919002326854638e+02
-2.142919002326820248e+02
-2.141781359030647423e+02
-2.141456449320437798e+02
-2.141398246749616021e+02
-2.141398246749604937e+02
-2.141095484175619106e+02
-2.140689787618507296e+02
-2.140147670316789004e+02
-2.140147670316787583e+02
-2.139159392644884861e+02
-2.139159392644881734e+02
-2.138387835395794241e+02
-2.138030636446972039e+02
-2.138030636446964081e+02
-2.136237624397604975e+02
-2.136237624397590764e+02
-2.136101970449606426e+02
-2.136003923128500332e+02

N=9, t_perp=0.100 
-2.191178231456293872e+02
-2.189228896341725203e+02
-2.189228896341630275e+02
-2.185059167155959585e+02
-2.185059167155841919e+02
-2.179421177738287554e+02
-2.178177473856453901e+02
-2.177344891228205768e+02
-2.177344891228201504e+02
-2.177223866396176675e+02
-2.175598454217176538e+02
-2.175546646510813105e+02
-2.175546646510803441e+02
-2.175376374714908536e+02
-2.175376374714895178e+02
-2.172795679872421033e+02
-2.172699941361128992e+02
-2.172699941361111939e+02
-2.168511390567859678e+02
-2.168511390567851720e+02
-2.168114514887457460e+02
-2.167479250303256606e+02
-2.167416497593484905e+02
-2.167416497593476379e+02
-2.166795781660048874e+02
-2.166437863735379494e+02
-2.166333299535716606e+02
-2.166333299535716321e+02
-2.166315209877485586e+02
-2.165608802889182130e+02
-2.165608802889177582e+02
-2.165589345668697661e+02
-2.165589345668696239e+02
-2.163649668713881340e+02
-2.163649668713867413e+02
-2.163593866618698200e+02
-2.163085196948603084e+02
-2.163085196948601094e+02
-2.162739621093847404e+02
-2.162080298868874593e+02

N=10, t_perp=0.100 
-2.214051347016370244e+02
-2.212798008127998912e+02
-2.212798008127934111e+02
-2.208118630628795245e+02
-2.208118630628666210e+02
-2.204475023913637699e+02
-2.202419043405735124e+02
-2.201570364212912239e+02
-2.201570364212880691e+02
-2.200688860301651175e+02
-2.199729949542515897e+02
-2.199729949542497707e+02
-2.199707982423381338e+02
-2.199669084689658973e+02
-2.199669084689621457e+02
-2.197409497524956521e+02
-2.197409497524953110e+02
-2.197122700516026157e+02
-2.193743375496229930e+02
-2.193743375496187866e+02
-2.193516015007492683e+02
-2.192786965561255954e+02
-2.192170362578974618e+02
-2.191969030690850673e+02
-2.191969030690835609e+02
-2.191261108612197575e+02
-2.191261108612180522e+02
-2.190184405753692545e+02
-2.190118693387346980e+02
-2.190083852487690592e+02
-2.190083852487685476e+02
-2.189878743107625780e+02
-2.189878743107612422e+02
-2.189046514096455667e+02
-2.189046514096448561e+02
-2.189013515051772458e+02
-2.189013515051763932e+02
-2.188724783006834400e+02
-2.188489915696285664e+02
-2.187475565370228310e+02

N=11, t_perp=0.100 
-2.236659420355879604e+02
-2.236659420355828445e+02
-2.236265250791906851e+02
-2.230982795061813704e+02
-2.230231876228477290e+02
-2.230231876228379804e+02
-2.226050700971736944e+02
-2.225339764946782282e+02
-2.225339764946781145e+02
-2.225093604391941255e+02
-2.225093604391936424e+02
-2.224159760442243794e+02
-2.223679536594427759e+02
-2.223679536594415254e+02
-2.223353021751437097e+02
-2.221189518289723992e+02
-2.220024449682240970e+02
-2.220024449682187537e+02
-2.219600608495802874e+02
-2.219600608495766494e+02
-2.218848814696028455e+02
-2.216808511383058544e+02
-2.216808511383022733e+02
-2.216578041006072510e+02
-2.216521403269526900e+02
-2.216325730980122160e+02
-2.216325730980117328e+02
-2.215330175309038907e+02
-2.215072495273900017e+02
-2.215072495273884670e+02
-2.214626323500580440e+02
-2.214626323500574188e+02
-2.214523873138645342e+02
-2.213752271197923278e+02
-2.213645022042421431e+02
-2.213645022042414325e+02
-2.212561211687300897e+02
-2.212561211687291802e+02
-2.212466936609848176e+02
-2.212198319769473187e+02

N=12, t_perp=0.100 
-2.260319366571767716e+02
-2.259379387778060106e+02
-2.259379387778022590e+02
-2.254820019165913436e+02
-2.254820019165744611e+02
-2.251654394221211248e+02
-2.249949791875641267e+02
-2.249361600966106209e+02
-2.249361600966091146e+02
-2.248860691701026440e+02
-2.248147163493313769e+02
-2.247920729394644468e+02
-2.247920729394570003e+02
-2.247909285943447344e+02
-2.247909285943434270e+02
-2.245674875393700347e+02
-2.245472839948843955e+02
-2.245472839948714352e+02
-2.242776638375848108e+02
-2.242776638375784160e+02
-2.242341561385801185e+02
-2.241292583742728652e+02
-2.241171273318429087e+02
-2.241171273318415729e+02
-2.240899781669853610e+02
-2.240380085534730767e+02
-2.240380085534730483e+02
-2.240182955574405241e+02
-2.239953596497610988e+02
-2.239661713538083063e+02
-2.239661713538062031e+02
-2.239521233744393101e+02
-2.239521233744391395e+02
-2.238408444087604607e+02
-2.238288214449557927e+02
-2.238288214449545990e+02
-2.237290583261644485e+02
-2.237290583261610095e+02
-2.236814049275984360e+02
-2.236790507904686649e+02

