N=5, t_perp=0.100 
-2.093002544559763862e+02
-2.093002544559747378e+02
-2.091650020744853578e+02
-2.083411326017567831e+02
-2.081201892730200029e+02
-2.081201892730178429e+02
-2.074785216753153350e+02
-2.074785216753146813e+02
-2.074088119882556498e+02
-2.072406734461701205e+02
-2.072406734461693532e+02
-2.072337910907502589e+02
-2.071400777703926224e+02
-2.071242392208778540e+02
-2.071242392208769445e+02
-2.062406085332701196e+02
-2.061686500570408498e+02
-2.061686500570396561e+02
-2.060040099448322621e+02
-2.056242643256443898e+02
-2.056055117192705666e+02
-2.056055117192694865e+02
-2.055128510462205611e+02
-2.055128510462199358e+02
-2.054387042069637346e+02
-2.054387042069624272e+02
-2.053246301977033568e+02
-2.053246301977013104e+02
-2.052966852761568077e+02
-2.052100376342635855e+02
-2.051117020525310579e+02
-2.051117020525308590e+02
-2.048776082814245285e+02
-2.048770581920633447e+02
-2.048770581920624068e+02
-2.048489056655241427e+02
-2.046299982082436486e+02
-2.046299982082435918e+02
-2.044829378968740627e+02
-2.043662146625730713e+02

N=6, t_perp=0.100 
-2.116547386038415937e+02
-2.112792556882536417e+02
-2.112792556882500321e+02
-2.108909026356775200e+02
-2.108909026356725178e+02
-2.099502817632583458e+02
-2.099158940375886573e+02
-2.098810807675573926e+02
-2.098113426500168543e+02
-2.098113426500149785e+02
-2.096204034640817326e+02
-2.096204034640804537e+02
-2.095938226218244722e+02
-2.095804961675181914e+02
-2.095804961675177935e+02
-2.092715627925713591e+02
-2.092715627925692274e+02
-2.092257967764772957e+02
-2.086768218297241333e+02
-2.086768218297223143e+02
-2.085993642794535674e+02
-2.084341429473283824e+02
-2.084341429473281266e+02
-2.084304256670525035e+02
-2.083848526873479443e+02
-2.082142619126980208e+02
-2.082083340594028016e+02
-2.082083340594024321e+02
-2.081444697765833212e+02
-2.081444697765824969e+02
-2.079516522365239837e+02
-2.079516522365227615e+02
-2.079163507493908298e+02
-2.077528944506812252e+02
-2.077528944506807704e+02
-2.077384780876660955e+02
-2.077293986820842520e+02
-2.077293986820842520e+02
-2.077215580756728457e+02
-2.076733907279512152e+02

N=7, t_perp=0.100 
-2.137740989206664608e+02
-2.136074095781411586e+02
-2.136074095781363553e+02
-2.130406393020250846e+02
-2.130406393020162739e+02
-2.126180795181138024e+02
-2.123620198191520103e+02
-2.122297774522664611e+02
-2.122297774522655516e+02
-2.120754796149341814e+02
-2.119842798559158155e+02
-2.119842798559116659e+02
-2.119458616077501176e+02
-2.119458616077485829e+02
-2.119208905274005019e+02
-2.117596573071720343e+02
-2.117596573071717785e+02
-2.115794848223379461e+02
-2.113505499542426946e+02
-2.112880031479015202e+02
-2.112360481781164765e+02
-2.112360481781142880e+02
-2.111379770404406315e+02
-2.111379770404384715e+02
-2.111075633391855604e+02
-2.109633403730724126e+02
-2.109633403730703662e+02
-2.108419264476110300e+02
-2.108419264476094668e+02
-2.107350193385941282e+02
-2.106178481855015718e+02
-2.106178481855006908e+02
-2.105989031148297670e+02
-2.105989031148286017e+02
-2.105778566747703451e+02
-2.105217587587188177e+02
-2.104428401672813607e+02
-2.103416074243290552e+02
-2.103416074243289984e+02
-2.102932976615194320e+02

N=8, t_perp=0.100 
-2.159108811015385925e+02
-2.159108811015357503e+02
-2.158325865672009058e+02
-2.152704384928787533e+02
-2.151326006294337390e+02
-2.151326006294255819e+02
-2.146185948744733309e+02
-2.145635785233972115e+02
-2.145635785233930903e+02
-2.145092339302252071e+02
-2.145092339302211428e+02
-2.143822060163305139e+02
-2.143405135171567792e+02
-2.143405135171554150e+02
-2.143377015147952704e+02
-2.140059009235962435e+02
-2.139082183804173383e+02
-2.139082183804173383e+02
-2.137874469529242276e+02
-2.137874469529223518e+02
-2.137303923544626514e+02
-2.136124460967235734e+02
-2.136124460967198502e+02
-2.135121244363308506e+02
-2.134656156254038422e+02
-2.134647350735087912e+02
-2.134647350735083648e+02
-2.134416517698535074e+02
-2.133932241228094142e+02
-2.133359756067082174e+02
-2.133359756067070236e+02
-2.132421641300708757e+02
-2.132421641300694830e+02
-2.131887826990768815e+02
-2.131495514232223911e+02
-2.131495514232206574e+02
-2.129842426676153480e+02
-2.129842426676142679e+02
-2.129634335063109916e+02
-2.129476246828771480e+02

N=9, t_perp=0.100 
-2.181945161213843676e+02
-2.180172929809599225e+02
-2.180172929809534992e+02
-2.176003553610437393e+02
-2.176003553610355823e+02
-2.170850415352038567e+02
-2.169599209082804521e+02
-2.168786199642348151e+02
-2.168786199642322856e+02
-2.168645302201385334e+02
-2.167168518176866598e+02
-2.167096514714758939e+02
-2.167096514714745581e+02
-2.166980161241660312e+02
-2.166980161241649228e+02
-2.164294701604827367e+02
-2.164294701604787292e+02
-2.164280257574104667e+02
-2.160502839072192387e+02
-2.160502839072142649e+02
-2.160165921679950713e+02
-2.159503892752449588e+02
-2.159503892752443619e+02
-2.159499236963151247e+02
-2.158802157975188436e+02
-2.158572603066253350e+02
-2.158294710079776451e+02
-2.158294710079774461e+02
-2.158291855887912902e+02
-2.157748790226517599e+02
-2.157748790226505946e+02
-2.157657195450233587e+02
-2.157657195450220229e+02
-2.155879287314706687e+02
-2.155879287314691624e+02
-2.155783487657263038e+02
-2.155214546283190202e+02
-2.155214546283179402e+02
-2.154820271597832573e+02
-2.154287314255999206e+02

N=10, t_perp=0.100 
-2.203771388078614564e+02
-2.202545655522339416e+02
-2.202545655522323500e+02
-2.198051458752057954e+02
-2.198051458751920961e+02
-2.194413537127524023e+02
-2.192685879381789107e+02
-2.191825436011044701e+02
-2.191825436011000932e+02
-2.191021240497826454e+02
-2.190084758406751746e+02
-2.190065198743616293e+02
-2.190065198743598955e+02
-2.190047567441070839e+02
-2.190047567441047249e+02
-2.187968205342598651e+02
-2.187968205342592398e+02
-2.187734706626452805e+02
-2.184366135459374618e+02
-2.184366135459369502e+02
-2.184038725672855605e+02
-2.183588696537736098e+02
-2.182935034923150965e+02
-2.182729121870428912e+02
-2.182729121870407880e+02
-2.182058910174098685e+02
-2.182058910174066853e+02
-2.181084199344418835e+02
-2.181069858678869196e+02
-2.180990261381497817e+02
-2.180990261381481616e+02
-2.180835168408116544e+02
-2.180835168408113702e+02
-2.180030489624573988e+02
-2.180030489624559493e+02
-2.180005585652266689e+02
-2.180005585652253615e+02
-2.179840283103102081e+02
-2.179463148305696336e+02
-2.178559403373255634e+02

N=11, t_perp=0.100 
-2.225275616872398246e+02
-2.225275616872385172e+02
-2.224905993129975741e+02
-2.219753026790163233e+02
-2.219061131481767006e+02
-2.219061131481690552e+02
-2.215153145822802401e+02
-2.214488706982265285e+02
-2.214488706982225210e+02
-2.214192683712039411e+02
-2.214192683712015253e+02
-2.213357512113866790e+02
-2.212854981265689958e+02
-2.212854981265689958e+02
-2.212520365864107532e+02
-2.210536495635600716e+02
-2.209462744969055450e+02
-2.209462744969021628e+02
-2.209036700453267201e+02
-2.209036700453207800e+02
-2.208356003802530267e+02
-2.206388137215537597e+02
-2.206388137215515997e+02
-2.206213137649720011e+02
-2.206055846068188089e+02
-2.205929372391094034e+02
-2.205929372391069876e+02
-2.205028057878467109e+02
-2.204676950637326343e+02
-2.204676950637321511e+02
-2.204251351402497221e+02
-2.204251351402487842e+02
-2.204142216974994994e+02
-2.203531980859434611e+02
-2.203419772702731336e+02
-2.203419772702727641e+02
-2.202470742799541483e+02
-2.202470742799528409e+02
-2.202287438786970597e+02
-2.202051151659520656e+02

N=12, t_perp=0.100 
-2.247766741204317498e+02
-2.246940484673263825e+02
-2.246940484673228866e+02
-2.242390714897389898e+02
-2.242390714897231305e+02
-2.239556394248019728e+02
-2.237890915132098826e+02
-2.237316388306914519e+02
-2.237316388306888655e+02
-2.236798603383749366e+02
-2.236190153638852678e+02
-2.235988257613587962e+02
-2.235988257613568635e+02
-2.235946590455415617e+02
-2.235946590455373553e+02
-2.233656837877414034e+02
-2.233550365245264970e+02
-2.233550365245164357e+02
-2.231138233765057919e+02
-2.231138233764995675e+02
-2.230773237647402709e+02
-2.229682898200791215e+02
-2.229579089048229150e+02
-2.229579089048225455e+02
-2.229299836711165312e+02
-2.228762956055314248e+02
-2.228762956055303732e+02
-2.228562601277666317e+02
-2.228481519164339772e+02
-2.228174404518466645e+02
-2.228174404518454423e+02
-2.228025584170082141e+02
-2.228025584170060256e+02
-2.226979153733351211e+02
-2.226855269236524464e+02
-2.226855269236495189e+02
-2.225872087828510359e+02
-2.225872087828464885e+02
-2.225430030071355532e+02
-2.225354560090447364e+02

