N=5, t_perp=0.100 
-2.081765846719561068e+02
-2.081765846719540036e+02
-2.081719198099444554e+02
-2.058283986936537531e+02
-2.058283986936534973e+02
-2.057828101715894888e+02
-2.057803954667032826e+02
-2.057398732144796156e+02
-2.057398732144787630e+02
-2.056110954626589944e+02
-2.056110954626578575e+02
-2.056015141591657027e+02
-2.055569502365649726e+02
-2.055569502365644894e+02
-2.055465229964011087e+02
-2.050854167755829849e+02
-2.050580810328377765e+02
-2.050019299844396414e+02
-2.050019299844388172e+02
-2.049997812503477519e+02
-2.049997812503471835e+02
-2.048142259129605520e+02
-2.047930335454998385e+02
-2.047930335454978490e+02
-2.046710296798307240e+02
-2.046710296798298998e+02
-2.045749814686483035e+02
-2.035993650335562393e+02
-2.035993650335547045e+02
-2.035233140115971082e+02
-2.034104245651747362e+02
-2.033745115110271229e+02
-2.033745115110251618e+02
-2.031311664339677918e+02
-2.031002661799227269e+02
-2.031002661799214764e+02
-2.030059539370913058e+02
-2.030059539370904815e+02
-2.029715102440499379e+02
-2.028217420049227258e+02

N=6, t_perp=0.100 
-2.102105824963537941e+02
-2.102063293176534273e+02
-2.102063293176533705e+02
-2.078373953926123932e+02
-2.078373953926121374e+02
-2.078208560283100041e+02
-2.077703258221637554e+02
-2.077703258221625333e+02
-2.077276872692657719e+02
-2.077111073604817193e+02
-2.076806029724150449e+02
-2.076779776767136809e+02
-2.076779776767127998e+02
-2.076591999442103997e+02
-2.076591999442102576e+02
-2.073996079262448404e+02
-2.073752094228647422e+02
-2.073752094228641738e+02
-2.072965100289123086e+02
-2.072965100289111433e+02
-2.072505015361323899e+02
-2.070906332056717929e+02
-2.070719312708741029e+02
-2.070719312708728523e+02
-2.070415131745276653e+02
-2.070415131745273811e+02
-2.070205726853407384e+02
-2.068225607374607478e+02
-2.067871090930759124e+02
-2.067871090930751450e+02
-2.066973552977400743e+02
-2.066973552977397048e+02
-2.066468884289542416e+02
-2.057384912437787250e+02
-2.057384912437767639e+02
-2.056909825928661064e+02
-2.055948473420533560e+02
-2.055683090547710492e+02
-2.055683090547701397e+02
-2.053185817685309189e+02

N=7, t_perp=0.100 
-2.122414326518754137e+02
-2.122400702894139215e+02
-2.122400702894090898e+02
-2.098656007663870753e+02
-2.098558809433350802e+02
-2.098558809433340002e+02
-2.098060641993427282e+02
-2.098060641993409945e+02
-2.097765661343563011e+02
-2.097156681486672767e+02
-2.097140016020007636e+02
-2.097099174598159266e+02
-2.097099174598149887e+02
-2.097081231618542176e+02
-2.097081231618539334e+02
-2.095726612582494681e+02
-2.095354908080939822e+02
-2.095354908080903442e+02
-2.094448393881594370e+02
-2.094448393881585275e+02
-2.093909519076591152e+02
-2.092911951090335378e+02
-2.092812374153794224e+02
-2.092792933898915635e+02
-2.092792933898904835e+02
-2.092742937285969163e+02
-2.092742937285959215e+02
-2.091227270259195166e+02
-2.091070676520692757e+02
-2.091070676520687925e+02
-2.090699083493477133e+02
-2.090699083493464627e+02
-2.090469065461179810e+02
-2.088149841908683015e+02
-2.087916425449767530e+02
-2.087916425449765256e+02
-2.087391899879299899e+02
-2.087391899879284836e+02
-2.087107003216439693e+02
-2.078050318335771749e+02

N=8, t_perp=0.100 
-2.142733483464971300e+02
-2.142733483464924120e+02
-2.142732156242843473e+02
-2.118800594502577042e+02
-2.118746236968649725e+02
-2.118746236968649441e+02
-2.118518375527634134e+02
-2.118518375527629587e+02
-2.118354041149999318e+02
-2.117788441204998264e+02
-2.117598144242369074e+02
-2.117598144242358273e+02
-2.117358903322831054e+02
-2.117358903322827359e+02
-2.117269477475850579e+02
-2.115909683273921189e+02
-2.115820263088293984e+02
-2.115820263088291426e+02
-2.115509334326004307e+02
-2.115509334325996349e+02
-2.115010862629661688e+02
-2.114995390072148211e+02
-2.114466483697450485e+02
-2.114466483697441390e+02
-2.114102043414225420e+02
-2.114102043414215188e+02
-2.114007191723989934e+02
-2.112732250728903978e+02
-2.112714899119869756e+02
-2.112714899119866345e+02
-2.112688361551061860e+02
-2.112688361551054754e+02
-2.112648635478666108e+02
-2.111229708474230620e+02
-2.111145884220636617e+02
-2.111145884220622406e+02
-2.111051076425191297e+02
-2.111051076425187318e+02
-2.111041415215939026e+02
-2.108201658622328125e+02

N=9, t_perp=0.100 
-2.163061583576319151e+02
-2.163060469470862870e+02
-2.163060469470778742e+02
-2.139049317258458700e+02
-2.139012503435784538e+02
-2.139012503435780843e+02
-2.138895657641506318e+02
-2.138895657641493244e+02
-2.138822170715828861e+02
-2.137924855979445908e+02
-2.137877483929647155e+02
-2.137877483929630387e+02
-2.137839058274091997e+02
-2.137839058274087165e+02
-2.137838400385055024e+02
-2.136344147490246428e+02
-2.136268532350741225e+02
-2.136268532350726161e+02
-2.136043633038616179e+02
-2.136043633038615326e+02
-2.135767547122625842e+02
-2.135599126920873516e+02
-2.135284446457307581e+02
-2.135284446457299907e+02
-2.134915223031950404e+02
-2.134915223031948415e+02
-2.134661032191085610e+02
-2.134572669348620479e+02
-2.134438592139169089e+02
-2.134438592139167383e+02
-2.134382942585305045e+02
-2.134382942585296803e+02
-2.134369894542706163e+02
-2.132647518069483397e+02
-2.132600163726173434e+02
-2.132600163726170308e+02
-2.132505111728956990e+02
-2.132505111728951874e+02
-2.132464135277391506e+02
-2.131453977192042828e+02

N=10, t_perp=0.100 
-2.183389039241633043e+02
-2.183388443030409860e+02
-2.183388443030334543e+02
-2.159366776902695904e+02
-2.159326152543475814e+02
-2.159326152543458477e+02
-2.159233432954695502e+02
-2.159233432954695218e+02
-2.159183764948452620e+02
-2.158195795169609994e+02
-2.158195639622576039e+02
-2.158193055082718104e+02
-2.158193055082712135e+02
-2.158192043680900838e+02
-2.158192043680887764e+02
-2.156962318856620016e+02
-2.156849933920814237e+02
-2.156849933920798605e+02
-2.156587336600173614e+02
-2.156587336600162530e+02
-2.156408925239315977e+02
-2.155860831457811457e+02
-2.155741257148340821e+02
-2.155741257148340253e+02
-2.155580663740494174e+02
-2.155580663740488774e+02
-2.155508952769573625e+02
-2.155210394033209980e+02
-2.155156783699274285e+02
-2.155156783699272296e+02
-2.155077133127406057e+02
-2.155077133127404920e+02
-2.155042433600037270e+02
-2.154603620946857347e+02
-2.154526735738547529e+02
-2.154526735738543834e+02
-2.154358988958000793e+02
-2.154358988957996246e+02
-2.154271864514108188e+02
-2.152599799839292132e+02

N=11, t_perp=0.100 
-2.203716449009809537e+02
-2.203716449009654923e+02
-2.203716430502629748e+02
-2.179660827290622649e+02
-2.179636298473797922e+02
-2.179636298473768932e+02
-2.179581012325137976e+02
-2.179581012325137124e+02
-2.179550621187069055e+02
-2.178581648982559216e+02
-2.178550739163372327e+02
-2.178550739163371190e+02
-2.178496141530105774e+02
-2.178496141530088153e+02
-2.178471550139425119e+02
-2.177378329975586837e+02
-2.177312177959938424e+02
-2.177312177959906023e+02
-2.177136898705120416e+02
-2.177136898705094836e+02
-2.176997958668901560e+02
-2.176417231927510443e+02
-2.176239853699471496e+02
-2.176239853699425453e+02
-2.175978482856048117e+02
-2.175978482856033907e+02
-2.175858609080556789e+02
-2.175738456607072919e+02
-2.175708452251653569e+02
-2.175708452251649021e+02
-2.175672483506529602e+02
-2.175672483506528749e+02
-2.175654653705912835e+02
-2.175465374956797575e+02
-2.175434367699430709e+02
-2.175434367699419340e+02
-2.175356431891405578e+02
-2.175356431891402735e+02
-2.175301052976566893e+02
-2.174459809049605212e+02

N=12, t_perp=0.100 
-2.224044261125900164e+02
-2.224044235321590577e+02
-2.224044235321375709e+02
-2.199964389462320185e+02
-2.199951133811812554e+02
-2.199951133811778448e+02
-2.199922121667785291e+02
-2.199922121667774206e+02
-2.199906458667284710e+02
-2.198888697077676966e+02
-2.198871326454639359e+02
-2.198871326454629980e+02
-2.198840537528792822e+02
-2.198840537528780601e+02
-2.198826859532304070e+02
-2.197771813514305279e+02
-2.197729360211293397e+02
-2.197729360211291407e+02
-2.197612693071092735e+02
-2.197612693071082788e+02
-2.197518027695229819e+02
-2.196996539886431492e+02
-2.196823762570326153e+02
-2.196823762570231793e+02
-2.196488585781225424e+02
-2.196488585781185918e+02
-2.196203302877794385e+02
-2.196131750470443649e+02
-2.196068397317675647e+02
-2.196068397317654046e+02
-2.196052952871060597e+02
-2.196052952871040702e+02
-2.196047595844107150e+02
-2.195979115617994069e+02
-2.195969911561874710e+02
-2.195969911561874710e+02
-2.195949812802201109e+02
-2.195949812802182635e+02
-2.195919185991401719e+02
-2.195862741755314573e+02

