N=5, t_perp=0.100 
-2.084053243386426573e+02
-2.084053243386417478e+02
-2.083855493425999157e+02
-2.065537416050042907e+02
-2.065104793706299233e+02
-2.065104793706289570e+02
-2.062746280458033823e+02
-2.062550963232958736e+02
-2.062550963232934294e+02
-2.061104944127992553e+02
-2.061104944127981753e+02
-2.060540440759291414e+02
-2.060224335413645065e+02
-2.060221107052656748e+02
-2.060221107052654475e+02
-2.052147565325596474e+02
-2.052027250305386872e+02
-2.051093199503469862e+02
-2.051093199503464177e+02
-2.050235763929503605e+02
-2.050235763929501900e+02
-2.048829251922394121e+02
-2.048829251922388153e+02
-2.048778314151478241e+02
-2.047647661831971391e+02
-2.047647661831971106e+02
-2.045725069198657025e+02
-2.043166205543311662e+02
-2.043166205543307967e+02
-2.042769145147967436e+02
-2.040383448185390307e+02
-2.039836850774114225e+02
-2.039836850774096604e+02
-2.037252418262786193e+02
-2.036914406549514354e+02
-2.036914406549511511e+02
-2.035079379300157711e+02
-2.035079379300151743e+02
-2.033678927677327408e+02
-2.033315849277616394e+02

N=6, t_perp=0.100 
-2.104948871656753511e+02
-2.104609800805118311e+02
-2.104609800805112059e+02
-2.086314630113275257e+02
-2.086314630113243140e+02
-2.084315853613733793e+02
-2.083530569956868987e+02
-2.083530569956855913e+02
-2.083450617673411216e+02
-2.082875200072129758e+02
-2.082332828534649423e+02
-2.082180411288750292e+02
-2.082180411288733524e+02
-2.082041489141739703e+02
-2.082041489141727482e+02
-2.079147527511464659e+02
-2.078741462956102737e+02
-2.078741462956071473e+02
-2.076315955176321211e+02
-2.076315955176318084e+02
-2.074917894928406952e+02
-2.072983571227378263e+02
-2.072054911792647829e+02
-2.072054911792641008e+02
-2.071416423861781482e+02
-2.071416423861766987e+02
-2.070865062439912663e+02
-2.070507715111039033e+02
-2.069572089752195154e+02
-2.069572089752189470e+02
-2.068034268641112021e+02
-2.068034268641109179e+02
-2.066984992478177503e+02
-2.066334232881716559e+02
-2.066334232881708886e+02
-2.065437533424268395e+02
-2.064812897041408633e+02
-2.064349680629602801e+02
-2.064349680629598822e+02
-2.062775439903011545e+02

N=7, t_perp=0.100 
-2.125545642975863530e+02
-2.125435723549276759e+02
-2.125435723549265106e+02
-2.106350010383470419e+02
-2.106350010383457914e+02
-2.105552585205372225e+02
-2.104688060405146643e+02
-2.104688060405131296e+02
-2.104515596329988796e+02
-2.103623774555192369e+02
-2.103469523113556363e+02
-2.103267641673306798e+02
-2.103267641673293440e+02
-2.103201778449927701e+02
-2.103201778449922870e+02
-2.101291436161293404e+02
-2.101016330675803090e+02
-2.101016330675794563e+02
-2.099021601925475693e+02
-2.099021601925462051e+02
-2.098060542726002211e+02
-2.097313788871346105e+02
-2.097127260989625768e+02
-2.097127260989616389e+02
-2.097052922292253072e+02
-2.096654113545388327e+02
-2.096654113545387190e+02
-2.093255800933075648e+02
-2.092890177008194144e+02
-2.092890177008188175e+02
-2.092114816454718209e+02
-2.092114816454699735e+02
-2.091444059767432577e+02
-2.090243997615955607e+02
-2.089921061778410092e+02
-2.089921061778405829e+02
-2.088825961320581825e+02
-2.088825961320580973e+02
-2.088546214907096612e+02
-2.087826593159674076e+02

N=8, t_perp=0.100 
-2.146227146440839704e+02
-2.146227146440778313e+02
-2.146208865410325757e+02
-2.126367239404015947e+02
-2.126367239404002589e+02
-2.126081078630588763e+02
-2.126009273052017079e+02
-2.125563005238691971e+02
-2.125563005238687424e+02
-2.124968169167810856e+02
-2.124968169167783856e+02
-2.124963795497518220e+02
-2.124280961061133155e+02
-2.124280961061114681e+02
-2.124087142796522301e+02
-2.121457407639502719e+02
-2.121457407639488792e+02
-2.121386151309652917e+02
-2.121342654282734657e+02
-2.121324829533902232e+02
-2.121324829533897400e+02
-2.119591940132798982e+02
-2.119365978870596905e+02
-2.119365978870582694e+02
-2.118634903248100159e+02
-2.118634903248095895e+02
-2.118480724878843944e+02
-2.117947208610986536e+02
-2.117584310840480271e+02
-2.117584310840476860e+02
-2.117302002056632091e+02
-2.117302002056612764e+02
-2.117088240214567065e+02
-2.113145729502275003e+02
-2.113131266041114031e+02
-2.112940496965197497e+02
-2.112940496965190107e+02
-2.112896609514904185e+02
-2.112896609514896511e+02
-2.110613013876537138e+02

N=9, t_perp=0.100 
-2.166988604012354926e+02
-2.166960316345093815e+02
-2.166960316345066815e+02
-2.147049549720458117e+02
-2.147049549720446748e+02
-2.146843003383386588e+02
-2.146436018855619636e+02
-2.146436018855603152e+02
-2.146058026971298602e+02
-2.145755555052829209e+02
-2.145718615733916579e+02
-2.145532354843445830e+02
-2.145532354843442420e+02
-2.145476524206958970e+02
-2.145476524206947886e+02
-2.143107305355332244e+02
-2.142852853677354119e+02
-2.142852853677347866e+02
-2.142077218843133721e+02
-2.142077218843127469e+02
-2.141535679721230849e+02
-2.141096670420089367e+02
-2.140951478250633215e+02
-2.140951478250622131e+02
-2.140711773749604845e+02
-2.140710973082761939e+02
-2.140710973082751707e+02
-2.139920591399936427e+02
-2.139835440309590240e+02
-2.139835440309579155e+02
-2.139574930923885461e+02
-2.139574930923865281e+02
-2.139537053624894725e+02
-2.137885496470915143e+02
-2.137679923144997076e+02
-2.137679923144995939e+02
-2.137059816101160834e+02
-2.137059816101159413e+02
-2.136769595346259791e+02
-2.133935467439398224e+02

N=10, t_perp=0.100 
-2.187727839186720189e+02
-2.187713990391404195e+02
-2.187713990391324614e+02
-2.167670491966581494e+02
-2.167670491966553072e+02
-2.167646100493660981e+02
-2.167223481273222490e+02
-2.167223481273198615e+02
-2.166919483558719719e+02
-2.166425218549051408e+02
-2.166421095915327726e+02
-2.166332788254152035e+02
-2.166332788254143225e+02
-2.166290193841509506e+02
-2.166290193841499274e+02
-2.164613847778004470e+02
-2.164233757409369900e+02
-2.164233757409368764e+02
-2.163258301108788544e+02
-2.163258301108778596e+02
-2.162431552554001257e+02
-2.162060044517378117e+02
-2.161757696284406620e+02
-2.161757696284394399e+02
-2.161591842416653435e+02
-2.161591842416649740e+02
-2.161576175789927845e+02
-2.161476382977451465e+02
-2.161424969092154527e+02
-2.161424969092152537e+02
-2.161407556474091507e+02
-2.161407556474082128e+02
-2.161330884085768105e+02
-2.160977211638549988e+02
-2.160478996841406740e+02
-2.160478996841399635e+02
-2.159556828918976805e+02
-2.159556828918973395e+02
-2.159055122894122576e+02
-2.157982383987468893e+02

N=11, t_perp=0.100 
-2.208467900930455698e+02
-2.208467900930332348e+02
-2.208466656487989326e+02
-2.188300447349767524e+02
-2.188269213912165583e+02
-2.188269213912149667e+02
-2.188015618929208301e+02
-2.188015618929206312e+02
-2.187846463424239687e+02
-2.187547268765171395e+02
-2.187304202739277628e+02
-2.187304202739277628e+02
-2.187015850545048181e+02
-2.187015850545033118e+02
-2.186907694633315771e+02
-2.184970576729970162e+02
-2.184904305840664449e+02
-2.184904305840657059e+02
-2.184663225324023017e+02
-2.184663225324018185e+02
-2.184406687334601145e+02
-2.183786633517243843e+02
-2.183367523420911596e+02
-2.183367523420906764e+02
-2.182763816144284874e+02
-2.182763816144263274e+02
-2.182563401908506364e+02
-2.182282674294421554e+02
-2.182235732379074875e+02
-2.182235732379065212e+02
-2.182233878103996290e+02
-2.182233878103969289e+02
-2.182203851441729228e+02
-2.181794946221115765e+02
-2.181794946221104112e+02
-2.181764338980271702e+02
-2.181691205706868288e+02
-2.181691205706857488e+02
-2.181459547985121787e+02
-2.180754387746450220e+02

N=12, t_perp=0.100 
-2.229217847382636819e+02
-2.229215625600114379e+02
-2.229215625599966017e+02
-2.209002228195879525e+02
-2.208974155528469225e+02
-2.208974155528444214e+02
-2.208806823663486227e+02
-2.208806823663479975e+02
-2.208700233058587230e+02
-2.208033155947726698e+02
-2.207964794038100820e+02
-2.207964794038095420e+02
-2.207930515725369105e+02
-2.207924446379900019e+02
-2.207924446379898313e+02
-2.205965875397296543e+02
-2.205837829582862639e+02
-2.205837829582857239e+02
-2.205475836294126850e+02
-2.205475836294119176e+02
-2.205030337723702303e+02
-2.204948070931270649e+02
-2.204533763631671945e+02
-2.204533763631650345e+02
-2.204205255600848830e+02
-2.204205255600847693e+02
-2.204107525444936186e+02
-2.203684236895446418e+02
-2.203633068087712559e+02
-2.203633068087696074e+02
-2.203463106793296618e+02
-2.203463106793285817e+02
-2.203370757224879526e+02
-2.202562284740194229e+02
-2.202562284740189114e+02
-2.202561334368371320e+02
-2.202520306940582770e+02
-2.202520306940581634e+02
-2.202422297231272239e+02
-2.202163849679919281e+02

