N=5, t_perp=0.100 
-2.084308936476122938e+02
-2.084308936476114411e+02
-2.083987490474660262e+02
-2.066084978460150978e+02
-2.065743295516857643e+02
-2.065743295516852527e+02
-2.063876481764253583e+02
-2.063876481764244488e+02
-2.063372683746471807e+02
-2.061577807034105376e+02
-2.061577807034078091e+02
-2.061567459711416177e+02
-2.061344219308597019e+02
-2.061011920763830005e+02
-2.061011920763822047e+02
-2.055101201954144017e+02
-2.053538552574419214e+02
-2.053398446018317998e+02
-2.053398446018312882e+02
-2.051697682958330233e+02
-2.051697682958325686e+02
-2.051217188047655497e+02
-2.050263689497492976e+02
-2.050263689497487860e+02
-2.048845501978058223e+02
-2.048845501978051686e+02
-2.046957381233357296e+02
-2.044496022399258948e+02
-2.044496022399253548e+02
-2.042673093198628465e+02
-2.042502172614744325e+02
-2.042502172614734093e+02
-2.041082613433537176e+02
-2.039441743569357470e+02
-2.039441743569355481e+02
-2.039339204900514630e+02
-2.038057721153278976e+02
-2.038057721153277839e+02
-2.037882303104479433e+02
-2.034640972211843462e+02

N=6, t_perp=0.100 
-2.105224597996357829e+02
-2.104838651944630215e+02
-2.104838651944615435e+02
-2.086831364295612445e+02
-2.086831364295543949e+02
-2.085307618666780627e+02
-2.084435660196855906e+02
-2.084399676629552118e+02
-2.084399676629547571e+02
-2.083603503955838505e+02
-2.083517488871563330e+02
-2.083496267283449015e+02
-2.083496267283447310e+02
-2.082703975265960423e+02
-2.082703975265931717e+02
-2.079694832955777599e+02
-2.079617638534213881e+02
-2.079617638534202797e+02
-2.077383839759742443e+02
-2.077383839759737896e+02
-2.075705579603355488e+02
-2.075333885178226581e+02
-2.074417271584069908e+02
-2.074417271584069624e+02
-2.072812100103393504e+02
-2.072812100103388104e+02
-2.072082182119325466e+02
-2.071476880888923233e+02
-2.071469186805184961e+02
-2.071469186805183824e+02
-2.070001988770945900e+02
-2.070001988770937089e+02
-2.067511988879923308e+02
-2.067504141503277140e+02
-2.067162042491467844e+02
-2.067162042491460454e+02
-2.066608377019399541e+02
-2.065190206170628073e+02
-2.065190206170625231e+02
-2.064223905325238206e+02

N=7, t_perp=0.100 
-2.125839760160783953e+02
-2.125703301920618458e+02
-2.125703301920600552e+02
-2.107135878800767728e+02
-2.107135878800751811e+02
-2.106670539440809478e+02
-2.105373181119940398e+02
-2.105373181119931871e+02
-2.105032432645568008e+02
-2.104467358540614725e+02
-2.104360554209436600e+02
-2.104210504369754915e+02
-2.104210504369751789e+02
-2.104095224390243857e+02
-2.104095224390234193e+02
-2.102449309797034118e+02
-2.102152368056621299e+02
-2.102152368056590035e+02
-2.099880785821962377e+02
-2.099880785821954987e+02
-2.098897441688662582e+02
-2.098512154601875750e+02
-2.098171329692931124e+02
-2.098171329692922882e+02
-2.097984619951230627e+02
-2.097934312387624800e+02
-2.097934312387621674e+02
-2.095072267563715513e+02
-2.094759491001118477e+02
-2.094759491001113361e+02
-2.093826259208827310e+02
-2.093826259208809972e+02
-2.092980041168554237e+02
-2.091781663838537781e+02
-2.091781663838531529e+02
-2.091570218130175647e+02
-2.090399500813469444e+02
-2.090248666091056862e+02
-2.090248666091047198e+02
-2.089099422980036422e+02

N=8, t_perp=0.100 
-2.146540881173322077e+02
-2.146540881173305877e+02
-2.146506101671566284e+02
-2.127289447508315732e+02
-2.127289447508283331e+02
-2.126948384992463730e+02
-2.126669936337760589e+02
-2.126626281343130813e+02
-2.126626281343116318e+02
-2.126070000314387585e+02
-2.125600570868510886e+02
-2.125600570868498949e+02
-2.124925095893536025e+02
-2.124925095893533467e+02
-2.124678177833856125e+02
-2.122656825092105066e+02
-2.122656825092087161e+02
-2.122567915520322970e+02
-2.122567915520316149e+02
-2.122547435945421341e+02
-2.122525930640530873e+02
-2.120747914674469712e+02
-2.120382756521931640e+02
-2.120382756521929366e+02
-2.119540530091688026e+02
-2.119540530091674384e+02
-2.119519583892065953e+02
-2.118845735360044102e+02
-2.118504099041215909e+02
-2.118504099041215625e+02
-2.118336609840525853e+02
-2.118336609840524147e+02
-2.118223900466520888e+02
-2.115072058110729074e+02
-2.115025420780506522e+02
-2.114805263767038639e+02
-2.114805263767022154e+02
-2.114665200870336719e+02
-2.114665200870330182e+02
-2.112580171285957249e+02

N=9, t_perp=0.100 
-2.167331101430953311e+02
-2.167299007140935601e+02
-2.167299007140911442e+02
-2.147953380805354300e+02
-2.147953380805352595e+02
-2.147801717805746193e+02
-2.147429675776643876e+02
-2.147429675776632791e+02
-2.147152658382197785e+02
-2.146579023345407791e+02
-2.146436313559532891e+02
-2.146348418907695077e+02
-2.146348418907688824e+02
-2.146173203065810924e+02
-2.146173203065791881e+02
-2.143932157871886659e+02
-2.143818561127269220e+02
-2.143818561127257851e+02
-2.143204158250236162e+02
-2.143204158250230478e+02
-2.142691024705378879e+02
-2.142389878850401601e+02
-2.142300194291109108e+02
-2.142300194291107402e+02
-2.141954677683887667e+02
-2.141954677683883688e+02
-2.141920967312556741e+02
-2.140904536875855229e+02
-2.140726882158961644e+02
-2.140726882158955391e+02
-2.140425643526282897e+02
-2.140425643526275508e+02
-2.140381562343367818e+02
-2.138701416662546251e+02
-2.138613006307293460e+02
-2.138613006307286923e+02
-2.138141134472759290e+02
-2.138141134472751901e+02
-2.137879585114507677e+02
-2.135979471922404969e+02

N=10, t_perp=0.100 
-2.188102647209315421e+02
-2.188084136960098647e+02
-2.188084136960030435e+02
-2.168708272413274187e+02
-2.168653565319422967e+02
-2.168653565319406198e+02
-2.168190396065247967e+02
-2.168190396065225798e+02
-2.167962061028938194e+02
-2.167228025832382627e+02
-2.167174028596263042e+02
-2.167174028596247695e+02
-2.167051374602315263e+02
-2.167029421740006683e+02
-2.167029421739990767e+02
-2.165763567415797297e+02
-2.165329489979927189e+02
-2.165329489979918947e+02
-2.164258668303273794e+02
-2.164258668303245372e+02
-2.163507227223483369e+02
-2.163061825991966316e+02
-2.162955275400923085e+02
-2.162955275400921380e+02
-2.162780489948762863e+02
-2.162735059338214398e+02
-2.162735059338202461e+02
-2.162642347004661190e+02
-2.162642347004656926e+02
-2.162639557253242799e+02
-2.162593367585784563e+02
-2.162593367585779731e+02
-2.162474572159631236e+02
-2.161955269790365435e+02
-2.161386091949611341e+02
-2.161386091949604520e+02
-2.160408604189435948e+02
-2.160408604189420316e+02
-2.159899527811894586e+02
-2.158860023690600087e+02

N=11, t_perp=0.100 
-2.208871953062619014e+02
-2.208871953062506748e+02
-2.208868908276231480e+02
-2.189326911514030769e+02
-2.189314780307165051e+02
-2.189314780307150272e+02
-2.189094241938012146e+02
-2.189094241938003904e+02
-2.188944730395802480e+02
-2.188307799795442463e+02
-2.188055401100016297e+02
-2.188055401100007771e+02
-2.187754362665282883e+02
-2.187754362665281178e+02
-2.187631824920780730e+02
-2.186101818738248994e+02
-2.186051372293836721e+02
-2.186051372293809720e+02
-2.185832897462979076e+02
-2.185832897462967424e+02
-2.185554745442990736e+02
-2.184885506412785787e+02
-2.184425230780840366e+02
-2.184425230780822460e+02
-2.183859411607307663e+02
-2.183859411607301979e+02
-2.183787562921843914e+02
-2.183326458981007647e+02
-2.183318606602394425e+02
-2.183318606602380214e+02
-2.183293008727908386e+02
-2.183293008727903270e+02
-2.183273283004118923e+02
-2.183047766560909224e+02
-2.183047766560902687e+02
-2.182990048762958963e+02
-2.182850839577320130e+02
-2.182850839577303930e+02
-2.182519779152947876e+02
-2.181710089575618952e+02

N=12, t_perp=0.100 
-2.229653128849859058e+02
-2.229650788417404215e+02
-2.229650788417228284e+02
-2.210062299201008216e+02
-2.210043607503058638e+02
-2.210043607503044711e+02
-2.209908988327237012e+02
-2.209908988327217116e+02
-2.209826974607841237e+02
-2.208819309877447097e+02
-2.208750364387376521e+02
-2.208744826699013970e+02
-2.208744826699001464e+02
-2.208727445577841308e+02
-2.208727445577812887e+02
-2.206977682711278987e+02
-2.206902039798561077e+02
-2.206902039798524982e+02
-2.206622312727307929e+02
-2.206622312727295707e+02
-2.206258100745188528e+02
-2.206084546632544061e+02
-2.205747089942232151e+02
-2.205747089942222203e+02
-2.205405455899217486e+02
-2.205405455899206686e+02
-2.205278153105334695e+02
-2.204883108101978451e+02
-2.204767631071475762e+02
-2.204767631071467235e+02
-2.204505937201269035e+02
-2.204505937201256529e+02
-2.204402620319310984e+02
-2.203720516054105190e+02
-2.203720516054100074e+02
-2.203643630522398098e+02
-2.203643630522380192e+02
-2.203605222349215182e+02
-2.203577987103703890e+02
-2.203435722260350076e+02

