N=5, t_perp=0.100 
-2.089411729306338259e+02
-2.089411729306337122e+02
-2.089010788343273930e+02
-2.076486686898414575e+02
-2.075380327549762853e+02
-2.075380327549739263e+02
-2.069895674022341723e+02
-2.069812724773968569e+02
-2.069812724773957200e+02
-2.068375546633723445e+02
-2.068375546633706108e+02
-2.068106842614166681e+02
-2.066797120580731644e+02
-2.066797120580731359e+02
-2.065976097976306676e+02
-2.054404745775159142e+02
-2.054225106709342299e+02
-2.053261152980160489e+02
-2.053261152980159636e+02
-2.051638107781960514e+02
-2.051638107781949714e+02
-2.051190252444848170e+02
-2.051190252444841917e+02
-2.051090889095125647e+02
-2.050609375256964029e+02
-2.050609375256959765e+02
-2.049624065099939116e+02
-2.049624065099919505e+02
-2.049619382501027474e+02
-2.049102285189107420e+02
-2.044394863510577807e+02
-2.044394863510559333e+02
-2.043970067282438947e+02
-2.043970067282434684e+02
-2.043895552086145813e+02
-2.043641539302142860e+02
-2.039831019779691701e+02
-2.039831019779674648e+02
-2.038816743684580786e+02
-2.038816743684573680e+02

N=6, t_perp=0.100 
-2.112084275567436009e+02
-2.110086675403427137e+02
-2.110086675403415768e+02
-2.100316799746740344e+02
-2.100316799746684922e+02
-2.093415732357909178e+02
-2.093146823266079650e+02
-2.093146823266067145e+02
-2.092768564743740853e+02
-2.092345070424545668e+02
-2.090310283868815873e+02
-2.090310283868812178e+02
-2.089901833759239196e+02
-2.089901833759231806e+02
-2.089847734919108859e+02
-2.087700728258698462e+02
-2.087189310856697659e+02
-2.087189310856684870e+02
-2.081844450781763101e+02
-2.081844450781746900e+02
-2.079351827484052535e+02
-2.077964326501984829e+02
-2.077535383826181601e+02
-2.077535383826165969e+02
-2.076758326073065177e+02
-2.076758326073060914e+02
-2.076524651704664564e+02
-2.076512085982286635e+02
-2.074569228965029879e+02
-2.074569228965023626e+02
-2.074417275046347129e+02
-2.072615028977249949e+02
-2.072565025219972767e+02
-2.072565025219972199e+02
-2.072264479673778510e+02
-2.071900378672636123e+02
-2.071900378672634986e+02
-2.071440010813229264e+02
-2.070022184115524340e+02
-2.068998694097780913e+02

N=7, t_perp=0.100 
-2.132979138408672952e+02
-2.132320863590678641e+02
-2.132320863590648230e+02
-2.120947648743911316e+02
-2.120947648743870957e+02
-2.118297354559803978e+02
-2.116651836706338656e+02
-2.116101599747038335e+02
-2.116101599747000819e+02
-2.114190144774598537e+02
-2.113387658738116670e+02
-2.113387658738111270e+02
-2.112622735544019861e+02
-2.112622735544005650e+02
-2.112515619187383891e+02
-2.110661137857445624e+02
-2.110661137857432550e+02
-2.109689528945814345e+02
-2.107539975447838856e+02
-2.107089422778556411e+02
-2.107089422778543621e+02
-2.105356724233833745e+02
-2.105356724233831471e+02
-2.105093096128131833e+02
-2.103608037595627991e+02
-2.103060751088702318e+02
-2.103060751088696918e+02
-2.101889675504768320e+02
-2.101183510763978575e+02
-2.101183510763969196e+02
-2.098961079326124093e+02
-2.098572343331716752e+02
-2.098572343331711352e+02
-2.098315402565824002e+02
-2.097217776670169087e+02
-2.097217776670163687e+02
-2.096778091631398695e+02
-2.096778091631387326e+02
-2.096375841312078023e+02
-2.096019236858681438e+02

N=8, t_perp=0.100 
-2.154275437923341485e+02
-2.154275437923322727e+02
-2.154172142410181436e+02
-2.141879194453291007e+02
-2.141471877377991007e+02
-2.141471877377944111e+02
-2.138754128229795128e+02
-2.137980688750535023e+02
-2.137980688750527918e+02
-2.137646048761786801e+02
-2.137646048761776285e+02
-2.136304963106204013e+02
-2.136141243505177272e+02
-2.136141243505171303e+02
-2.136027754016667757e+02
-2.132321739739623752e+02
-2.131542485155938778e+02
-2.131542485155902966e+02
-2.130937770710617087e+02
-2.130937770710609129e+02
-2.130796016105606441e+02
-2.128833334055417481e+02
-2.128833334055402702e+02
-2.127915721471007089e+02
-2.127851163876094063e+02
-2.127451970873007951e+02
-2.127451970873001983e+02
-2.127372633429817199e+02
-2.126076612151086067e+02
-2.126076612151082372e+02
-2.126055146560953517e+02
-2.126055146560938454e+02
-2.125189753675024065e+02
-2.124636113514285114e+02
-2.124636113514275735e+02
-2.124496587791488480e+02
-2.122750731170422682e+02
-2.121619569479879885e+02
-2.121619569479857716e+02
-2.120234328610183638e+02

N=9, t_perp=0.100 
-2.176268055908854819e+02
-2.175745005025094372e+02
-2.175745005025065950e+02
-2.164058131280417570e+02
-2.164058131280310988e+02
-2.160937188199691832e+02
-2.160540279891514501e+02
-2.160540279891461921e+02
-2.160355062117174612e+02
-2.159962094585466161e+02
-2.158652811256422979e+02
-2.158610908233741839e+02
-2.158610908233737860e+02
-2.158571935157675625e+02
-2.158571935157663404e+02
-2.156684110586681982e+02
-2.156039099087089141e+02
-2.156039099087032298e+02
-2.153207970566372751e+02
-2.153207970566348024e+02
-2.152063831964343876e+02
-2.151428420244317010e+02
-2.151283362429614101e+02
-2.151283362429596764e+02
-2.150756579512960798e+02
-2.150753976383970212e+02
-2.150753976383963106e+02
-2.150445659835492620e+02
-2.150445659835491199e+02
-2.150231782027644840e+02
-2.149918148112898564e+02
-2.149480908814660154e+02
-2.149480908814652480e+02
-2.148078887941629489e+02
-2.148020287325035156e+02
-2.148020287325025208e+02
-2.147656089292714228e+02
-2.147281357666678048e+02
-2.147281357666659289e+02
-2.146270943751323443e+02

N=10, t_perp=0.100 
-2.197780587900358853e+02
-2.197546000325104387e+02
-2.197546000325084492e+02
-2.185180599979101430e+02
-2.185180599979006786e+02
-2.183196737937091427e+02
-2.183117081038171250e+02
-2.182608435938398372e+02
-2.182608435938387288e+02
-2.181542819263091815e+02
-2.180961167082072336e+02
-2.180961167082065515e+02
-2.180861363609519401e+02
-2.180719502102903675e+02
-2.180719502102902823e+02
-2.178748205155543758e+02
-2.178544834749359040e+02
-2.178544834749341703e+02
-2.176436276352659434e+02
-2.176436276352653749e+02
-2.175659138085656252e+02
-2.174125622331412728e+02
-2.174125622331410739e+02
-2.173916699534313182e+02
-2.173800728618114420e+02
-2.173219587876823198e+02
-2.173219587876799608e+02
-2.173106784495857653e+02
-2.173055550393239628e+02
-2.173055550393232238e+02
-2.172588452709871092e+02
-2.172588452709871092e+02
-2.172139549566439030e+02
-2.172060519844755788e+02
-2.171621711617792698e+02
-2.171621711617783888e+02
-2.170397440643884863e+02
-2.170055128578775623e+02
-2.170055128578773633e+02
-2.169644500388004644e+02

N=11, t_perp=0.100 
-2.219331106950934895e+02
-2.219331106950830588e+02
-2.219314062645134413e+02
-2.206068661043926511e+02
-2.206068661043908037e+02
-2.206057574680107507e+02
-2.204958263094464144e+02
-2.204209021403290478e+02
-2.204209021403271151e+02
-2.204033289621733331e+02
-2.204033289621727647e+02
-2.203225593788719721e+02
-2.202978853316392645e+02
-2.202978853316379002e+02
-2.202791100047331554e+02
-2.200175234500238730e+02
-2.199645347871283434e+02
-2.199645347871259276e+02
-2.199528425966776126e+02
-2.199528425966761063e+02
-2.199486435550867611e+02
-2.197050339475247824e+02
-2.197050339475234750e+02
-2.196705721148633472e+02
-2.196204951311661944e+02
-2.196204951311658533e+02
-2.196201692107524366e+02
-2.196154024829903051e+02
-2.195754466920996890e+02
-2.195754466920967900e+02
-2.195548059452229097e+02
-2.195548059452222276e+02
-2.195269251135400168e+02
-2.193774873914017007e+02
-2.193697655227599057e+02
-2.193697655227583425e+02
-2.193301783790592765e+02
-2.193301783790591628e+02
-2.193168147700319253e+02
-2.192569176779314830e+02

N=12, t_perp=0.100 
-2.241110753077780942e+02
-2.240981415891784820e+02
-2.240981415891782831e+02
-2.228001742940992358e+02
-2.228001742940855650e+02
-2.226782647859019733e+02
-2.226369435566846278e+02
-2.226369435566832635e+02
-2.226107976258655299e+02
-2.225686095454425413e+02
-2.225349154087429611e+02
-2.225119964805071220e+02
-2.225119964805048483e+02
-2.225105199223273473e+02
-2.225105199223245336e+02
-2.223306946545602898e+02
-2.222812627657685880e+02
-2.222812627657642679e+02
-2.221229173222384645e+02
-2.221229173222320696e+02
-2.220351786406745020e+02
-2.219390533923144346e+02
-2.219286476628367382e+02
-2.219286476628357150e+02
-2.219218994910598042e+02
-2.219055456444528147e+02
-2.219055456444520189e+02
-2.218636129326881701e+02
-2.218636129326868627e+02
-2.218425930524856824e+02
-2.218399575384242155e+02
-2.218148891263317068e+02
-2.218148891263312805e+02
-2.216772378041629850e+02
-2.216539567841234941e+02
-2.216539567841230109e+02
-2.215266111008743053e+02
-2.215266111008732253e+02
-2.215115428333343459e+02
-2.215032223736953085e+02

