N=5, t_perp=0.100 
-2.091317604507370334e+02
-2.091317604507364365e+02
-2.090454092643413446e+02
-2.080868686584531702e+02
-2.079237784433953209e+02
-2.079237784433937293e+02
-2.072441772923146743e+02
-2.072394364195545222e+02
-2.072394364195544938e+02
-2.070819375161464961e+02
-2.070819375161462403e+02
-2.070348686329062389e+02
-2.069262336506579629e+02
-2.069262336506573376e+02
-2.068926549969223743e+02
-2.057507554334653719e+02
-2.057414585170407975e+02
-2.057265512006232768e+02
-2.057265512006217421e+02
-2.053906181199129719e+02
-2.053906181199122898e+02
-2.052773561808575664e+02
-2.052773561808568275e+02
-2.052391471680736004e+02
-2.051139598305432798e+02
-2.051056782000942746e+02
-2.051056782000939620e+02
-2.050997695754656149e+02
-2.050997695754650465e+02
-2.050174811852870107e+02
-2.047968220674997326e+02
-2.047968220674987094e+02
-2.047629092416245271e+02
-2.047357970001854426e+02
-2.047357970001850447e+02
-2.046786777042497079e+02
-2.042960351835553752e+02
-2.042960351835549204e+02
-2.041829960897865135e+02
-2.041829960897853198e+02

N=6, t_perp=0.100 
-2.114502548200352123e+02
-2.111480303456437468e+02
-2.111480303456405920e+02
-2.105778101680888597e+02
-2.105778101680839143e+02
-2.096985425513056782e+02
-2.096572011355524126e+02
-2.096249416725479762e+02
-2.096029610516313255e+02
-2.096029610516305013e+02
-2.093425296892461347e+02
-2.093425296892436904e+02
-2.093311265848510914e+02
-2.093311265848509777e+02
-2.093311183491879035e+02
-2.090462268982835496e+02
-2.090357789741317163e+02
-2.090357789741306647e+02
-2.084158213065664427e+02
-2.084158213065657321e+02
-2.082282500432604024e+02
-2.081734963185586764e+02
-2.081734963185575680e+02
-2.080742114286405240e+02
-2.080735542737496644e+02
-2.080716662990586485e+02
-2.078731533695040241e+02
-2.078731533695033988e+02
-2.077287231836973831e+02
-2.077287231836963883e+02
-2.076004986184272241e+02
-2.076004986184269399e+02
-2.075951564657332540e+02
-2.075709147246215878e+02
-2.075709147246211614e+02
-2.075631225007518879e+02
-2.074261925691899648e+02
-2.073926537841255140e+02
-2.073402924713137168e+02
-2.073402924713131199e+02

N=7, t_perp=0.100 
-2.135485750332845498e+02
-2.134268462485680971e+02
-2.134268462485648001e+02
-2.126871714413881307e+02
-2.126871714413784389e+02
-2.123297129466266426e+02
-2.120701352573411214e+02
-2.119790405249572416e+02
-2.119790405249545415e+02
-2.118076925820209055e+02
-2.117194543689573720e+02
-2.117194543689555246e+02
-2.116545857741041914e+02
-2.116545857741027703e+02
-2.116475801396086069e+02
-2.114525808786671348e+02
-2.114525808786665664e+02
-2.113080222851112921e+02
-2.110857207403380755e+02
-2.109905850430490375e+02
-2.109905850430456837e+02
-2.109120238866867965e+02
-2.108435696719347163e+02
-2.108435696719339205e+02
-2.107431123650837321e+02
-2.106301581878557840e+02
-2.106301581878536240e+02
-2.105540959303723128e+02
-2.105540959303701811e+02
-2.105419112466223339e+02
-2.102807625674643646e+02
-2.102807625674621193e+02
-2.102773352934243860e+02
-2.101753128479565191e+02
-2.101753128479556665e+02
-2.101631972150400713e+02
-2.101624903784399976e+02
-2.100607115828722726e+02
-2.100607115828697715e+02
-2.099402599263269451e+02

N=8, t_perp=0.100 
-2.156753364326919211e+02
-2.156753364326888800e+02
-2.156381926772625093e+02
-2.148490046457663993e+02
-2.147673775225429154e+02
-2.147673775225367194e+02
-2.143233370705788445e+02
-2.142419302539293255e+02
-2.142419302539273360e+02
-2.142100145167936205e+02
-2.142100145167932794e+02
-2.140537171053468910e+02
-2.140445248744224784e+02
-2.140377492019431998e+02
-2.140377492019411250e+02
-2.136799084908830650e+02
-2.135807694469895068e+02
-2.135807694469889384e+02
-2.134742902725285774e+02
-2.134742902725260478e+02
-2.134246571163853332e+02
-2.132637013281955944e+02
-2.132637013281949123e+02
-2.131576086690733405e+02
-2.131436086915977626e+02
-2.131107271915587660e+02
-2.130905695596146927e+02
-2.130905695596134422e+02
-2.130522296667964781e+02
-2.130522296667958813e+02
-2.130354735247554174e+02
-2.129449734876413629e+02
-2.129449734876413629e+02
-2.128933696039148913e+02
-2.128933696039136123e+02
-2.128381907475754247e+02
-2.126788320415505495e+02
-2.126242753853829868e+02
-2.126242753853809120e+02
-2.125400122809139702e+02

N=9, t_perp=0.100 
-2.179223214607397665e+02
-2.178078129259463651e+02
-2.178078129259431535e+02
-2.171315490702341151e+02
-2.171315490702238833e+02
-2.166711156447832707e+02
-2.166080889838402470e+02
-2.165439207281598613e+02
-2.165439207281586107e+02
-2.165052012751947643e+02
-2.163609167419828907e+02
-2.163497158941630403e+02
-2.163497158941617613e+02
-2.163477262740956633e+02
-2.163477262740950096e+02
-2.161284714873292785e+02
-2.160902120791388370e+02
-2.160902120791356253e+02
-2.157291407040624733e+02
-2.157291407040597448e+02
-2.156552680881345054e+02
-2.155710113953460052e+02
-2.155640160434652444e+02
-2.155640160434624590e+02
-2.155047434822777745e+02
-2.154758268028044768e+02
-2.154542832807710511e+02
-2.154542832807706532e+02
-2.154394356199377398e+02
-2.154394356199372567e+02
-2.154364565751044438e+02
-2.154013311353305937e+02
-2.154013311353284905e+02
-2.153223618351270829e+02
-2.152818251167668109e+02
-2.152818251167656740e+02
-2.151699039951059831e+02
-2.151699039951055283e+02
-2.151644079093582604e+02
-2.150685555818521948e+02

N=10, t_perp=0.100 
-2.200856341182296774e+02
-2.200195025950000627e+02
-2.200195025949956005e+02
-2.192864033109685522e+02
-2.192864033109565298e+02
-2.190004342792710474e+02
-2.188743474566912823e+02
-2.188074100836697653e+02
-2.188074100836675484e+02
-2.187100859206767325e+02
-2.186297644908748055e+02
-2.186297644908733560e+02
-2.186271307916880744e+02
-2.186128002792721077e+02
-2.186128002792712834e+02
-2.183965102060828372e+02
-2.183965102060758170e+02
-2.183959961596974608e+02
-2.180984728881803392e+02
-2.180984728881803107e+02
-2.180476980594607994e+02
-2.179232155404388038e+02
-2.178770469585661544e+02
-2.178770469585657850e+02
-2.178243896091112504e+02
-2.178115863238552379e+02
-2.178115863238534757e+02
-2.177608665614479548e+02
-2.177440090173357419e+02
-2.177197753362252399e+02
-2.177197753362242167e+02
-2.176730236742325530e+02
-2.176730236742323825e+02
-2.176666836064849804e+02
-2.176666836064848098e+02
-2.176253840789681817e+02
-2.176084956081166126e+02
-2.176063692154339435e+02
-2.176063692154338867e+02
-2.174705721085773860e+02

N=11, t_perp=0.100 
-2.222398045451916175e+02
-2.222398045451908217e+02
-2.222281157917660721e+02
-2.214092584831995794e+02
-2.213828691556605293e+02
-2.213828691556529975e+02
-2.210994462203658486e+02
-2.210205105666699126e+02
-2.210205105666681789e+02
-2.210009843746398701e+02
-2.210009843746398133e+02
-2.209099767421217848e+02
-2.208714987625088781e+02
-2.208714987625081392e+02
-2.208455064728612456e+02
-2.206180914597260312e+02
-2.205263443630629183e+02
-2.205263443630604456e+02
-2.205012908914663399e+02
-2.205012908914654304e+02
-2.204541259037893042e+02
-2.202080865358426252e+02
-2.202080865358402662e+02
-2.201763761327848385e+02
-2.201527941821489662e+02
-2.201279441562951149e+02
-2.201279441562942907e+02
-2.201161788335980134e+02
-2.200578434141050082e+02
-2.200578434141049229e+02
-2.200263491755309246e+02
-2.200263491755296172e+02
-2.199998086881535357e+02
-2.199998086881530810e+02
-2.199912140399545137e+02
-2.199798780686836324e+02
-2.198290458702626893e+02
-2.198269171635493535e+02
-2.198147653201151854e+02
-2.198147653201125991e+02

N=12, t_perp=0.100 
-2.244545991647222536e+02
-2.244137735352074117e+02
-2.244137735352043705e+02
-2.236387060211687299e+02
-2.236387060211561675e+02
-2.233887545607807112e+02
-2.233307176195053216e+02
-2.232782998776103796e+02
-2.232782998776087595e+02
-2.232137915422305809e+02
-2.231618752374496637e+02
-2.231393118976920391e+02
-2.231393118976899927e+02
-2.231360757236472239e+02
-2.231360757236446375e+02
-2.229446118954319616e+02
-2.229067569382637259e+02
-2.229067569382621627e+02
-2.226897973576843697e+02
-2.226897973576764969e+02
-2.226247119823664491e+02
-2.224917566709193579e+02
-2.224917566709156063e+02
-2.224907721347017002e+02
-2.224506908068588302e+02
-2.224184012139777451e+02
-2.224146082593527183e+02
-2.224146082593525762e+02
-2.224017173736926338e+02
-2.224017173736925486e+02
-2.223484882599673540e+02
-2.223301537981369336e+02
-2.223139894995953512e+02
-2.223139894995950385e+02
-2.223001743251079745e+02
-2.223001743251075197e+02
-2.221547786069939150e+02
-2.221491872564598395e+02
-2.221491872564589585e+02
-2.221395057921736793e+02

