N=5, t_perp=0.100 
-2.099259076941316664e+02
-2.099259076941304443e+02
-2.096710486019173629e+02
-2.088894419890878851e+02
-2.084731864816575921e+02
-2.084731864816572795e+02
-2.082667986242671816e+02
-2.082667986242668690e+02
-2.079712992639441609e+02
-2.079050940603851529e+02
-2.079050940603848403e+02
-2.078242156079069218e+02
-2.078144205997122640e+02
-2.076328239220898126e+02
-2.076296267073953175e+02
-2.076296267073934985e+02
-2.071857646551670200e+02
-2.071857646551661389e+02
-2.070381602514158033e+02
-2.069266560286437766e+02
-2.069266560286428955e+02
-2.065710361316684498e+02
-2.065710361316682508e+02
-2.065493705691523871e+02
-2.063067806706375507e+02
-2.062659547087054648e+02
-2.062659547087054648e+02
-2.059976598700235684e+02
-2.059808315848482039e+02
-2.059808315848468681e+02
-2.056029402747651034e+02
-2.056029402747646486e+02
-2.052645701158935196e+02
-2.052645701158926670e+02
-2.050521220970769321e+02
-2.050490353773585639e+02
-2.050490353773566028e+02
-2.049194660906267416e+02
-2.048325996158986868e+02
-2.047923050894438290e+02

N=6, t_perp=0.100 
-2.124444545121579893e+02
-2.118695158175500239e+02
-2.118695158175463575e+02
-2.115409147222201511e+02
-2.115409147222163995e+02
-2.108354474762784321e+02
-2.108354474762740551e+02
-2.107216305435740082e+02
-2.107064788548680951e+02
-2.105375935925958686e+02
-2.105375935925949307e+02
-2.103815556101351660e+02
-2.102747507466386310e+02
-2.102747507466378352e+02
-2.102640466985836838e+02
-2.099728710149137498e+02
-2.099728710149126130e+02
-2.097449864768051384e+02
-2.095917364865165951e+02
-2.095520191517377384e+02
-2.094827140248050625e+02
-2.094827140248041815e+02
-2.094281180711174386e+02
-2.094281180711173533e+02
-2.092645748927922398e+02
-2.091698514343347028e+02
-2.091698514343322017e+02
-2.090827117084207885e+02
-2.090827117084206748e+02
-2.090360784381888664e+02
-2.089253095057780172e+02
-2.089253095057774203e+02
-2.089218379488728772e+02
-2.088911524698966105e+02
-2.088911524698955873e+02
-2.088308468885734328e+02
-2.088308468885726654e+02
-2.088221622114609488e+02
-2.086573040133352208e+02
-2.084935377194214254e+02

N=7, t_perp=0.100 
-2.146414384337163312e+02
-2.143941408340558041e+02
-2.143941408340492956e+02
-2.138513453864997018e+02
-2.138513453864897258e+02
-2.133186834214298244e+02
-2.132968132097003604e+02
-2.130316236484135857e+02
-2.130316236484098340e+02
-2.129544660416695478e+02
-2.129544660416660520e+02
-2.128896385919788656e+02
-2.128207134842306800e+02
-2.128207134842306516e+02
-2.126463078627584196e+02
-2.126463078627571690e+02
-2.125886930303793463e+02
-2.124137240523781998e+02
-2.123852079864476536e+02
-2.122336502682572643e+02
-2.122125786385173569e+02
-2.121587367726327216e+02
-2.121587367726324089e+02
-2.121276869159906084e+02
-2.121276869159905516e+02
-2.120283462188457690e+02
-2.120283462188447743e+02
-2.118915324257167470e+02
-2.118915324257163491e+02
-2.118183494823657895e+02
-2.118183494823650506e+02
-2.116717559632681116e+02
-2.116698097646825829e+02
-2.115982198365113334e+02
-2.114776576756828774e+02
-2.114776576756826785e+02
-2.114773507775138626e+02
-2.114581525680704885e+02
-2.114231128544481919e+02
-2.114231128544466003e+02

N=8, t_perp=0.100 
-2.168873350019053134e+02
-2.168873350019016186e+02
-2.166827782564787981e+02
-2.162691957141066439e+02
-2.159440045150855383e+02
-2.159440045150745959e+02
-2.156254896179255240e+02
-2.156254896179157470e+02
-2.154369904195076515e+02
-2.153900646829524987e+02
-2.153900646829518735e+02
-2.153777951699637754e+02
-2.153777951699620701e+02
-2.153695029831334011e+02
-2.153354552847064269e+02
-2.151258072290962957e+02
-2.148914667073220812e+02
-2.148914667073220244e+02
-2.148714332402283844e+02
-2.148635487544588045e+02
-2.148635487544575824e+02
-2.147549076056308763e+02
-2.147543575945483667e+02
-2.147543575945446435e+02
-2.145672230552344217e+02
-2.145572201772901337e+02
-2.145330573512755450e+02
-2.145173238447812025e+02
-2.145173238447805772e+02
-2.143588953094884744e+02
-2.143485424434400102e+02
-2.143485424434396123e+02
-2.143070746639508286e+02
-2.143070746639502602e+02
-2.142745794089744038e+02
-2.142002304911502790e+02
-2.142002304911497106e+02
-2.141498411461685407e+02
-2.141498411461684270e+02
-2.140701959591028469e+02

N=9, t_perp=0.100 
-2.193136004787372997e+02
-2.189993359772926738e+02
-2.189993359772757913e+02
-2.186827154769542290e+02
-2.186827154769428603e+02
-2.180640068340770767e+02
-2.180370663514836167e+02
-2.180085285861576665e+02
-2.180085285861576381e+02
-2.179756469279390672e+02
-2.179112570755410161e+02
-2.179112570755367244e+02
-2.177358970129666886e+02
-2.177323476392964778e+02
-2.177323476392917314e+02
-2.174303503737627921e+02
-2.174303503737531855e+02
-2.173095651602027658e+02
-2.172374303500271822e+02
-2.172187957072097788e+02
-2.172187957072096651e+02
-2.171701714543464163e+02
-2.171701714543462742e+02
-2.171545201076050944e+02
-2.171545201076035028e+02
-2.170593162930396147e+02
-2.170580470938785140e+02
-2.170342294115143034e+02
-2.169590055974251470e+02
-2.169590055974244365e+02
-2.169389963329603859e+02
-2.169299627112112603e+02
-2.169299627112110613e+02
-2.167669166000258940e+02
-2.167669166000254961e+02
-2.167505230584996525e+02
-2.167424285513108373e+02
-2.167182259245126659e+02
-2.167182259245119837e+02
-2.167049454859425452e+02

N=10, t_perp=0.100 
-2.215956878649006399e+02
-2.213696069672234614e+02
-2.213696069672080000e+02
-2.210264380112211313e+02
-2.210264380112109279e+02
-2.205337976518342771e+02
-2.205200057966976601e+02
-2.203331751992397756e+02
-2.203331751992351997e+02
-2.203214188068187980e+02
-2.203116236344955610e+02
-2.203116236344917240e+02
-2.201559315476151824e+02
-2.201559315476130791e+02
-2.200656864449125578e+02
-2.200412396146723211e+02
-2.200412396146653862e+02
-2.198587975787582138e+02
-2.197512923423143434e+02
-2.196652664970591502e+02
-2.196053162499743507e+02
-2.196053162499729865e+02
-2.195401351517655257e+02
-2.195194549898386072e+02
-2.195194549898381524e+02
-2.195157780065170812e+02
-2.195157780065164559e+02
-2.195049638534638063e+02
-2.195049638534625842e+02
-2.194731401443997640e+02
-2.194731401443996219e+02
-2.193710828486511275e+02
-2.193710828486495927e+02
-2.193057256441655056e+02
-2.193018343119256315e+02
-2.192210404822869805e+02
-2.192210404822868384e+02
-2.192192332820361287e+02
-2.191959003586921426e+02
-2.191774910546837987e+02

N=11, t_perp=0.100 
-2.238338284251503865e+02
-2.238338284251488233e+02
-2.236854077409122965e+02
-2.233882654860133243e+02
-2.231569019110732768e+02
-2.231569019110556269e+02
-2.228220909513246966e+02
-2.228220909513155163e+02
-2.227503176169663561e+02
-2.227012996969958465e+02
-2.227012996969951644e+02
-2.226506637323287805e+02
-2.226303302931764563e+02
-2.226303302931763994e+02
-2.225482487156893967e+02
-2.223733524991682771e+02
-2.223501495978431137e+02
-2.222435836993870168e+02
-2.222435836993793146e+02
-2.221223737019224984e+02
-2.221223737019178941e+02
-2.220829170770128371e+02
-2.220829170770122118e+02
-2.220748154986674763e+02
-2.219648528152888218e+02
-2.219648528152826543e+02
-2.219629208433526912e+02
-2.218733355406102987e+02
-2.218717953856974248e+02
-2.218486846619036612e+02
-2.218486846619031496e+02
-2.217923921941126082e+02
-2.217827284315827683e+02
-2.217827284315824556e+02
-2.217235983508513186e+02
-2.217235983508505512e+02
-2.216974914614184229e+02
-2.216974914614181671e+02
-2.216709668801971702e+02
-2.216562777423005173e+02

N=12, t_perp=0.100 
-2.262124783876701599e+02
-2.260310325408253789e+02
-2.260310325408088374e+02
-2.257283741606754575e+02
-2.257283741606596266e+02
-2.253044939222578193e+02
-2.252319505699198601e+02
-2.251925997515671440e+02
-2.251331406306436520e+02
-2.251331406306414635e+02
-2.251122879844448335e+02
-2.251122879844399733e+02
-2.250158409886100515e+02
-2.250158409886058735e+02
-2.250068336776431863e+02
-2.247229761352135142e+02
-2.247229761352009803e+02
-2.246606958235672096e+02
-2.245726267474608733e+02
-2.245726267474563826e+02
-2.245280830161230199e+02
-2.244705144274910538e+02
-2.244705144274900590e+02
-2.244567979782713110e+02
-2.244567979782688099e+02
-2.244120366953266910e+02
-2.243797437903914442e+02
-2.243404953721228594e+02
-2.243362557427099659e+02
-2.242650713966959017e+02
-2.242650713966950207e+02
-2.242647303342431826e+02
-2.242647303342430973e+02
-2.242019174664147556e+02
-2.242019174664145282e+02
-2.241847500365113603e+02
-2.241404476289946501e+02
-2.241147467648023621e+02
-2.241147467648016516e+02
-2.240903916560643268e+02

