N=5, t_perp=0.100 
-2.097047417055501342e+02
-2.097047417055494520e+02
-2.096379278468776022e+02
-2.086083981838517332e+02
-2.084619783886334972e+02
-2.084619783886317634e+02
-2.077149048238215414e+02
-2.077099630353758073e+02
-2.077099630353750115e+02
-2.075625337158276125e+02
-2.075625337158271293e+02
-2.075364340751681027e+02
-2.073646908794252965e+02
-2.073646908794252397e+02
-2.072772982281327359e+02
-2.059156055909233771e+02
-2.058820284626148123e+02
-2.057975190241639041e+02
-2.057975190241635346e+02
-2.057676582419684337e+02
-2.057428644757964662e+02
-2.057428644757962104e+02
-2.056018646118280060e+02
-2.056018646118269828e+02
-2.055273819714727779e+02
-2.055273819714722094e+02
-2.054302346526720271e+02
-2.052143730640151205e+02
-2.052135407210528228e+02
-2.052135407210522828e+02
-2.051982925096527879e+02
-2.051982925096526458e+02
-2.051138067683010604e+02
-2.047482971917699217e+02
-2.047482971917692396e+02
-2.046004656355157465e+02
-2.046004656355156897e+02
-2.045897984258423037e+02
-2.044782155246055027e+02
-2.043431898201356773e+02

N=6, t_perp=0.100 
-2.122037444783415197e+02
-2.117201433167272739e+02
-2.117201433167266202e+02
-2.114515363501391505e+02
-2.114515363501368483e+02
-2.103075644995479365e+02
-2.102813131990836837e+02
-2.102813131990830868e+02
-2.102446634456248375e+02
-2.102134112993231554e+02
-2.099288599570478482e+02
-2.099288599570453755e+02
-2.098790062655588997e+02
-2.098790062655570807e+02
-2.098740422160527999e+02
-2.096694113133138728e+02
-2.096309991783514874e+02
-2.096309991783496400e+02
-2.088273873753570911e+02
-2.088273873753565795e+02
-2.087745163945102718e+02
-2.087745163945098739e+02
-2.087286589130825121e+02
-2.085585211121927500e+02
-2.085081879771630611e+02
-2.085003109762955376e+02
-2.085003109762944575e+02
-2.084695010748795596e+02
-2.080770903961005445e+02
-2.080517420279856253e+02
-2.080018345562946820e+02
-2.079486396885831709e+02
-2.079486396885828583e+02
-2.079269016743094198e+02
-2.079269016743090503e+02
-2.079137374437768528e+02
-2.079137374437754318e+02
-2.078745523797016688e+02
-2.077590460207842966e+02
-2.077590460207841829e+02

N=7, t_perp=0.100 
-2.143814942023122967e+02
-2.142176722342830146e+02
-2.142176722342772450e+02
-2.136068115699393957e+02
-2.136068115699301586e+02
-2.132258342871994330e+02
-2.128569771565700250e+02
-2.127997279489166829e+02
-2.127997279489146081e+02
-2.125704334216861469e+02
-2.124811931494402302e+02
-2.124811931494395196e+02
-2.123590885130769266e+02
-2.123590885130768129e+02
-2.123382409344456789e+02
-2.121579281959793661e+02
-2.121579281959793093e+02
-2.119313722016459849e+02
-2.118289875350401701e+02
-2.116137121454482894e+02
-2.116137121454475789e+02
-2.115737056412478694e+02
-2.115737056412476420e+02
-2.115711246644288792e+02
-2.114817155473571688e+02
-2.113844814823863771e+02
-2.113844814823848139e+02
-2.110862779271901104e+02
-2.110862779271899115e+02
-2.110492585118158502e+02
-2.110097481077919781e+02
-2.109304701146639047e+02
-2.109258099735850180e+02
-2.109258099735836538e+02
-2.109009648987999697e+02
-2.109009648987998844e+02
-2.107445004908633450e+02
-2.106533300390997283e+02
-2.106460143101618030e+02
-2.106460143101617462e+02

N=8, t_perp=0.100 
-2.165997285463508035e+02
-2.165997285463440392e+02
-2.165577760243342027e+02
-2.159196557069947744e+02
-2.158324069163035404e+02
-2.158324069162979981e+02
-2.152700622285735790e+02
-2.151847913342243146e+02
-2.151847913342235188e+02
-2.151487501140132395e+02
-2.151487501140129552e+02
-2.149952262130233578e+02
-2.149462233303792118e+02
-2.149462233303777907e+02
-2.149206824001371956e+02
-2.145138832308219889e+02
-2.144015411959848620e+02
-2.144015411959794619e+02
-2.142055123147717950e+02
-2.142055123147713687e+02
-2.141744020752699953e+02
-2.141129509993120905e+02
-2.141129509993117495e+02
-2.140630310390104967e+02
-2.139764592288988752e+02
-2.139764592288978804e+02
-2.139749276649561978e+02
-2.139168885859851059e+02
-2.138621963747638972e+02
-2.138621963747637267e+02
-2.138415069168367779e+02
-2.138012015897022309e+02
-2.138012015897020603e+02
-2.135663361810947549e+02
-2.135625912314976063e+02
-2.135625912314963557e+02
-2.135305076738811181e+02
-2.135305076738781622e+02
-2.134704017036587800e+02
-2.133807466545699754e+02

N=9, t_perp=0.100 
-2.190198522291842380e+02
-2.187347363837795911e+02
-2.187347363837665171e+02
-2.184935782595685225e+02
-2.184935782595583191e+02
-2.177548359689218387e+02
-2.176934403083400582e+02
-2.176526325908316153e+02
-2.176526325908298247e+02
-2.175947319201439427e+02
-2.173886552166530919e+02
-2.173886552166513866e+02
-2.173795459286423011e+02
-2.173781469942631190e+02
-2.173781469942619538e+02
-2.172106474988519267e+02
-2.171466643634710749e+02
-2.171466643634671243e+02
-2.166045999166804563e+02
-2.166045999166778415e+02
-2.165645846118144391e+02
-2.165570217567670852e+02
-2.165508023095372323e+02
-2.165508023095366639e+02
-2.165023853961520501e+02
-2.165023853961519649e+02
-2.164994503160928616e+02
-2.164785714131934355e+02
-2.164072072881530175e+02
-2.164072072881520796e+02
-2.163500741902903428e+02
-2.163500741902894617e+02
-2.163383603149914052e+02
-2.161879666459745977e+02
-2.161277600497482183e+02
-2.161277600497472235e+02
-2.160986307387643421e+02
-2.160986307387636032e+02
-2.160915982338748620e+02
-2.160484767681361689e+02

N=10, t_perp=0.100 
-2.212616253689098471e+02
-2.211150655270800200e+02
-2.211150655270721472e+02
-2.207312428552656058e+02
-2.207312428552494623e+02
-2.203719942098002775e+02
-2.201103410810432024e+02
-2.200545115357072063e+02
-2.200545115357041652e+02
-2.199235278696807256e+02
-2.198484703288878279e+02
-2.198484703288872026e+02
-2.197889291965437621e+02
-2.197866861976381188e+02
-2.197866861976331734e+02
-2.195526056394262184e+02
-2.195526056394242573e+02
-2.195052318687926913e+02
-2.192241285530655546e+02
-2.191808906598054705e+02
-2.191808906598009798e+02
-2.190617355270578912e+02
-2.190595182935253433e+02
-2.190595182935244338e+02
-2.190553363308594896e+02
-2.189816238494639720e+02
-2.189816238494620109e+02
-2.188539811453358652e+02
-2.187781020497698137e+02
-2.187781020497695295e+02
-2.187387840626991249e+02
-2.187287733054156149e+02
-2.187287733054139949e+02
-2.187186392966220581e+02
-2.187186392966215180e+02
-2.186297318276035924e+02
-2.186154749714195873e+02
-2.186154749714185073e+02
-2.185970613602586070e+02
-2.185970613602564470e+02

N=11, t_perp=0.100 
-2.234818983891146900e+02
-2.234818983891094604e+02
-2.234607318266299103e+02
-2.229809007846195072e+02
-2.229413180086491764e+02
-2.229413180086393140e+02
-2.224815031397417044e+02
-2.223885822642590995e+02
-2.223885822642561720e+02
-2.223792762054245316e+02
-2.223792762054208367e+02
-2.222220820072948584e+02
-2.222149487799536587e+02
-2.222149487799498502e+02
-2.222121493935209458e+02
-2.219158751921556245e+02
-2.218046513290325379e+02
-2.218046513290300652e+02
-2.217180151573991225e+02
-2.217180151573960529e+02
-2.216656000778118027e+02
-2.215497100478250445e+02
-2.214795877437936440e+02
-2.214795877437884712e+02
-2.214724535215358401e+02
-2.214644369077411454e+02
-2.214644369077368538e+02
-2.213541515770353953e+02
-2.213541515770347132e+02
-2.212930446729804146e+02
-2.212788852842640779e+02
-2.212788852842613210e+02
-2.212646086880428413e+02
-2.210953069291441011e+02
-2.210891503501748332e+02
-2.210891503501737247e+02
-2.210838993084269646e+02
-2.210838993084257140e+02
-2.210607089874603162e+02
-2.210197736458631823e+02

N=12, t_perp=0.100 
-2.258635636432426566e+02
-2.256776943960013000e+02
-2.256776943959825985e+02
-2.254561817112603990e+02
-2.254561817112465860e+02
-2.249745737385375435e+02
-2.248485777103865644e+02
-2.248025745547269878e+02
-2.248025745547259362e+02
-2.247310400400509707e+02
-2.246159590324837723e+02
-2.246089821970420530e+02
-2.246089821970394098e+02
-2.246027974613503488e+02
-2.246027974613485867e+02
-2.244540422050662301e+02
-2.243957603865492274e+02
-2.243957603865424346e+02
-2.240195150155364843e+02
-2.240195150155290378e+02
-2.239735671096991894e+02
-2.239522515559405349e+02
-2.239449114812657058e+02
-2.239449114812640858e+02
-2.239031144401958215e+02
-2.238781180689240387e+02
-2.238781180689220776e+02
-2.238404379522023646e+02
-2.237497797693235952e+02
-2.237497797693234247e+02
-2.237214343849973375e+02
-2.237214343849963427e+02
-2.237111799018502722e+02
-2.235843497908174129e+02
-2.235431042958540786e+02
-2.235431042958533965e+02
-2.235176548039897000e+02
-2.235176548039893589e+02
-2.235140205210141175e+02
-2.235067558468005871e+02

