N=5, t_perp=0.100 
-2.085924010174231285e+02
-2.085924010174229579e+02
-2.085300988664851900e+02
-2.069562077788612839e+02
-2.068744913951127273e+02
-2.068744913951124147e+02
-2.067307840254697453e+02
-2.067307840254695179e+02
-2.065680360499888195e+02
-2.064509040447941857e+02
-2.064471955767145346e+02
-2.063945138337553544e+02
-2.063945138337549281e+02
-2.063812075013243543e+02
-2.063812075013238143e+02
-2.059783913826881019e+02
-2.056918309207565585e+02
-2.056918309207559901e+02
-2.055478654644103642e+02
-2.055137232397567573e+02
-2.054654358239193925e+02
-2.054654358239192220e+02
-2.052711811039166889e+02
-2.052711811039157226e+02
-2.050674110927587890e+02
-2.050674110927576521e+02
-2.049852478881577724e+02
-2.048545564081935595e+02
-2.048545564081930763e+02
-2.046390715535821130e+02
-2.046390715535815445e+02
-2.046197543685958919e+02
-2.042618251494504023e+02
-2.042618251494501749e+02
-2.042153211119506864e+02
-2.041857519307140478e+02
-2.041324048287075357e+02
-2.041324048287058304e+02
-2.040651768660368077e+02
-2.038157715500149436e+02

N=6, t_perp=0.100 
-2.107244670613581548e+02
-2.106461990501996979e+02
-2.106461990501995558e+02
-2.090368865656960793e+02
-2.090368865656934076e+02
-2.088719158893603094e+02
-2.088076061693633676e+02
-2.087797085779516522e+02
-2.087797085779513395e+02
-2.087683329978528093e+02
-2.087683329978521840e+02
-2.086810702026764091e+02
-2.086578162626619815e+02
-2.085638045828997633e+02
-2.085638045828988538e+02
-2.082703033933038057e+02
-2.082703033933015035e+02
-2.082361648844722879e+02
-2.080066634235941763e+02
-2.080066634235929826e+02
-2.078925904712476154e+02
-2.078114208724416017e+02
-2.078114208724404932e+02
-2.077652932723661081e+02
-2.075489709995862313e+02
-2.075356041052540093e+02
-2.075356041052536398e+02
-2.074866018987673613e+02
-2.074866018987654002e+02
-2.073673942364403331e+02
-2.073673942364399352e+02
-2.072615066326359283e+02
-2.072600408117468191e+02
-2.071862640387727481e+02
-2.070897863748888881e+02
-2.070897863748888881e+02
-2.069532492456255284e+02
-2.068236506759215558e+02
-2.068236506759211863e+02
-2.068129148073823274e+02

N=7, t_perp=0.100 
-2.127969389909149527e+02
-2.127678714415989703e+02
-2.127678714415968670e+02
-2.111286101684326582e+02
-2.111286101684298444e+02
-2.110684005673846571e+02
-2.108866453533458412e+02
-2.108836301697324984e+02
-2.108836301697322995e+02
-2.108013041360619013e+02
-2.108013041360600823e+02
-2.107871459455768388e+02
-2.107650705777168412e+02
-2.107531072438424928e+02
-2.107531072438410149e+02
-2.106058248689108439e+02
-2.105979211374394424e+02
-2.105979211374390161e+02
-2.103068486189594921e+02
-2.103068486189586395e+02
-2.102332052550221135e+02
-2.102229220499418432e+02
-2.101596721882063434e+02
-2.101596721882059171e+02
-2.101307925230213414e+02
-2.101307925230205740e+02
-2.100396117988537128e+02
-2.098457439416068837e+02
-2.098088760635547203e+02
-2.098088760635543508e+02
-2.096731443798945804e+02
-2.096731443798942962e+02
-2.095755585900077165e+02
-2.095755585900067501e+02
-2.095653999142863597e+02
-2.095030179504155399e+02
-2.094424845459457458e+02
-2.093368188693357013e+02
-2.093368188693349339e+02
-2.093263286217835173e+02

N=8, t_perp=0.100 
-2.148856073263307280e+02
-2.148856073263287954e+02
-2.148754395800909265e+02
-2.131561258807461741e+02
-2.131561258807431614e+02
-2.131106129507854519e+02
-2.130819534669730047e+02
-2.130819534669701909e+02
-2.130789366435209615e+02
-2.129955401537343391e+02
-2.129395396645176959e+02
-2.129395396645165022e+02
-2.128716553727595056e+02
-2.128716553727576297e+02
-2.128382791185049143e+02
-2.126710988685902635e+02
-2.126615700972307081e+02
-2.126615700972307081e+02
-2.126544225407743909e+02
-2.126522707012117621e+02
-2.126522707012114495e+02
-2.124523716154816384e+02
-2.124162529146998679e+02
-2.124162529146992995e+02
-2.122911105426019560e+02
-2.122904975686918476e+02
-2.122904975686900002e+02
-2.122601934369777723e+02
-2.121761998166837202e+02
-2.121761998166834644e+02
-2.121657003391505327e+02
-2.121559124948301189e+02
-2.121559124948292663e+02
-2.118811550979061451e+02
-2.118470302481970577e+02
-2.118342170612526161e+02
-2.118342170612506550e+02
-2.117763255606733139e+02
-2.117763255606732571e+02
-2.117182747571427797e+02

N=9, t_perp=0.100 
-2.169930466297088003e+02
-2.169835832623338661e+02
-2.169835832623325871e+02
-2.152504679240392136e+02
-2.152504679240346093e+02
-2.152186061993142516e+02
-2.151710364226926515e+02
-2.151710364226905199e+02
-2.151321509390913889e+02
-2.151137975744921107e+02
-2.150797174847812414e+02
-2.150765891694686616e+02
-2.150765891694673257e+02
-2.150259412752121477e+02
-2.150259412752109540e+02
-2.147986643226076353e+02
-2.147986643226070385e+02
-2.147914115893900373e+02
-2.147264861870072252e+02
-2.147264861870050936e+02
-2.146731721507871953e+02
-2.146731721507868258e+02
-2.146614058099622184e+02
-2.146547508331142069e+02
-2.146312478933140540e+02
-2.146257325477980658e+02
-2.146257325477978384e+02
-2.144397209742209611e+02
-2.144233140710159375e+02
-2.144233140710154828e+02
-2.143957705491810088e+02
-2.143957705491806394e+02
-2.143897345197515563e+02
-2.142366522234128183e+02
-2.142350525941187414e+02
-2.142350525941165529e+02
-2.141608378210858632e+02
-2.141608378210854937e+02
-2.141227927233568664e+02
-2.139881294045576965e+02

N=10, t_perp=0.100 
-2.190951650720521400e+02
-2.190894322676623460e+02
-2.190894322676607544e+02
-2.173551784452063771e+02
-2.173466108357193320e+02
-2.173466108357190762e+02
-2.172640065084785306e+02
-2.172640065084747505e+02
-2.172303572285996722e+02
-2.171863925626593925e+02
-2.171855498557559372e+02
-2.171855498557552551e+02
-2.171553235869927221e+02
-2.171486314088320455e+02
-2.171486314088316192e+02
-2.170684677291523883e+02
-2.170149935435052839e+02
-2.170149935435033228e+02
-2.168588150303746147e+02
-2.168588150303744158e+02
-2.167656792771993821e+02
-2.167450137476570831e+02
-2.167271039496496030e+02
-2.167271039496493188e+02
-2.167266796310221082e+02
-2.167235864870948774e+02
-2.167235864870936553e+02
-2.167162029232811165e+02
-2.167162029232805764e+02
-2.166862962190959934e+02
-2.166853411819815562e+02
-2.166853411819799362e+02
-2.166702122328233031e+02
-2.165791740527783702e+02
-2.165112495575626497e+02
-2.165112495575617402e+02
-2.163810129639227569e+02
-2.163810129639222168e+02
-2.163054519397015838e+02
-2.162851261790535773e+02

N=11, t_perp=0.100 
-2.211964237121079577e+02
-2.211964237120947416e+02
-2.211950328894934898e+02
-2.194340172770713764e+02
-2.194340172770701543e+02
-2.194238463857950308e+02
-2.194020287138789911e+02
-2.194020287138732215e+02
-2.193743955544678101e+02
-2.193385268159179589e+02
-2.192895664785379779e+02
-2.192895664785379211e+02
-2.192428967996130780e+02
-2.192428967996118843e+02
-2.192211557946317555e+02
-2.191154391669399502e+02
-2.191071359268361789e+02
-2.191071359268347294e+02
-2.190897275040492502e+02
-2.190897275040489944e+02
-2.190732447040880686e+02
-2.189531190187412903e+02
-2.189099899748503617e+02
-2.189099899748502764e+02
-2.188492754359635626e+02
-2.188457325855730176e+02
-2.188457325855723923e+02
-2.187932906024077511e+02
-2.187847253254570887e+02
-2.187847253254549287e+02
-2.187616720051642289e+02
-2.187616720051621257e+02
-2.187557806821547786e+02
-2.187542400481978575e+02
-2.187542400481958964e+02
-2.187402710408908035e+02
-2.187380060024369470e+02
-2.187380060024364354e+02
-2.187056855395758816e+02
-2.185550238879822871e+02

N=12, t_perp=0.100 
-2.233012283404712832e+02
-2.233002457439511090e+02
-2.233002457439381487e+02
-2.215305271248379881e+02
-2.215305271248359418e+02
-2.215281750099594831e+02
-2.215075533448366798e+02
-2.215075533448361966e+02
-2.214932723098878000e+02
-2.214003267847817256e+02
-2.213986398832921907e+02
-2.213875409510926886e+02
-2.213875409510921202e+02
-2.213802243044833631e+02
-2.213802243044827094e+02
-2.212127554152217783e+02
-2.212101267550357306e+02
-2.212101267550343096e+02
-2.211777971148591178e+02
-2.211777971148565598e+02
-2.211381509282466880e+02
-2.211132532046974291e+02
-2.211007862521265963e+02
-2.211007862521235268e+02
-2.210724025108561648e+02
-2.210724025108552269e+02
-2.210627826306136683e+02
-2.209792331355376405e+02
-2.209555722873462287e+02
-2.209555722873459445e+02
-2.209223468095187002e+02
-2.209223468095182454e+02
-2.209195724817038808e+02
-2.208294932732910922e+02
-2.208294932732889890e+02
-2.208133548447394787e+02
-2.208088038754850118e+02
-2.208088038754841023e+02
-2.208048653724532642e+02
-2.207937626914976477e+02

