N=5, t_perp=0.100 
-2.084889468336284892e+02
-2.084889468336284324e+02
-2.084760082170875535e+02
-2.066636185537763879e+02
-2.066002871092984776e+02
-2.066002871092980797e+02
-2.063440470942665286e+02
-2.063300183939684302e+02
-2.063300183939674355e+02
-2.061964956752350417e+02
-2.061964956752334501e+02
-2.061694156062963543e+02
-2.061021227264126310e+02
-2.061021227264110962e+02
-2.060331121670795937e+02
-2.051531018060886709e+02
-2.050961825142443615e+02
-2.050169358307679204e+02
-2.050169358307672951e+02
-2.049741224182611461e+02
-2.049741224182599524e+02
-2.048408233268897902e+02
-2.048408233268897050e+02
-2.048205032829260688e+02
-2.047478709916475168e+02
-2.047478709916474884e+02
-2.045971485967220076e+02
-2.044015787874768364e+02
-2.044015787874760690e+02
-2.043883324090916460e+02
-2.040058870330122716e+02
-2.039186201874753976e+02
-2.039186201874749145e+02
-2.037325477964579363e+02
-2.037325477964571689e+02
-2.036914479085796472e+02
-2.033888150608942169e+02
-2.033888150608941032e+02
-2.033475757531487602e+02
-2.033475757531478223e+02

N=6, t_perp=0.100 
-2.106070849411070469e+02
-2.105580205249111430e+02
-2.105580205249095229e+02
-2.087846613451862368e+02
-2.087846613451835083e+02
-2.085106454730974690e+02
-2.084831249107437543e+02
-2.084831249107427027e+02
-2.084447869700991305e+02
-2.083886473279020208e+02
-2.082992974157279207e+02
-2.082992974157276933e+02
-2.082837238226159684e+02
-2.082837238226156558e+02
-2.082797691926776622e+02
-2.080365402338235015e+02
-2.079675379246483260e+02
-2.079675379246480702e+02
-2.076784676141675732e+02
-2.076784676141659247e+02
-2.075368317319497748e+02
-2.072069966400453609e+02
-2.071686371185979851e+02
-2.071686371185975020e+02
-2.071391718213652950e+02
-2.071391718213649540e+02
-2.071150026638162842e+02
-2.070209650154870928e+02
-2.068811312545402643e+02
-2.068811312545391843e+02
-2.067959217482187739e+02
-2.067959217482175802e+02
-2.067606989360661203e+02
-2.066559737071841312e+02
-2.066559737071839606e+02
-2.066519546562049641e+02
-2.065522116984660670e+02
-2.064745631885568287e+02
-2.064745631885566866e+02
-2.063915209002433926e+02

N=7, t_perp=0.100 
-2.126759062934411304e+02
-2.126619919011396860e+02
-2.126619919011379238e+02
-2.107913712708619016e+02
-2.107913712708556204e+02
-2.106706623179404971e+02
-2.106344259118788216e+02
-2.106222171249433757e+02
-2.106222171249421820e+02
-2.104884143635674150e+02
-2.104377848121131080e+02
-2.104377848121119996e+02
-2.104223044375373490e+02
-2.104176065243376854e+02
-2.104176065243374580e+02
-2.102164430765284919e+02
-2.102033076323477871e+02
-2.102033076323468492e+02
-2.100064940258422155e+02
-2.100064940258418176e+02
-2.099391821847907522e+02
-2.098213040520652726e+02
-2.098166648860471923e+02
-2.098166648860471639e+02
-2.097585118035569849e+02
-2.097276028320621890e+02
-2.097276028320605690e+02
-2.093098014864429786e+02
-2.092505284466097635e+02
-2.092505284466096498e+02
-2.091875921088076211e+02
-2.091875921088067400e+02
-2.091173639033541747e+02
-2.090355212303083476e+02
-2.089694336198783162e+02
-2.089694336198782878e+02
-2.088868595403817494e+02
-2.088868595403814368e+02
-2.088696777152978541e+02
-2.088696777152969446e+02

N=8, t_perp=0.100 
-2.147589629794334769e+02
-2.147589629794258599e+02
-2.147577876020659460e+02
-2.127945572201002733e+02
-2.127945572200987101e+02
-2.127934317834295825e+02
-2.127557542685144369e+02
-2.126997517682649459e+02
-2.126997517682624164e+02
-2.126622543432704902e+02
-2.126622543432702059e+02
-2.126049981936087647e+02
-2.125917991431555834e+02
-2.125917991431546739e+02
-2.125785871013542874e+02
-2.122564053259555408e+02
-2.122499935020721864e+02
-2.122499935020711348e+02
-2.122448251968598356e+02
-2.122322802727904900e+02
-2.122322802727902342e+02
-2.120547344232788589e+02
-2.120538105083161327e+02
-2.120538105083160190e+02
-2.119822709348410399e+02
-2.119822709348401588e+02
-2.119416772516349852e+02
-2.119400410897183065e+02
-2.118701949292351969e+02
-2.118701949292348843e+02
-2.118269172194755754e+02
-2.118269172194751775e+02
-2.117972064024037877e+02
-2.113052126593497917e+02
-2.112789525774321078e+02
-2.112747484339920732e+02
-2.112747484339904247e+02
-2.112617261779661817e+02
-2.112617261779660964e+02
-2.110729374485642325e+02

N=9, t_perp=0.100 
-2.168540176228980272e+02
-2.168487368343578510e+02
-2.168487368343547246e+02
-2.148949147704377935e+02
-2.148949147704376514e+02
-2.148491718080714179e+02
-2.148152988486912136e+02
-2.148152988486902188e+02
-2.147624012437521799e+02
-2.147609574169241000e+02
-2.147420594718266216e+02
-2.147227488149398198e+02
-2.147227488149382566e+02
-2.147207810719547183e+02
-2.147207810719533541e+02
-2.144913440433785752e+02
-2.144487233197190790e+02
-2.144487233197181126e+02
-2.143368930043696992e+02
-2.143368930043688181e+02
-2.142661011589617033e+02
-2.142193349535137088e+02
-2.142098464294211340e+02
-2.142098464294204234e+02
-2.142085231253357165e+02
-2.141983794729109150e+02
-2.141983794729106307e+02
-2.141185409367787997e+02
-2.141185409367784303e+02
-2.141157048211501035e+02
-2.140915419579085039e+02
-2.140915419579079355e+02
-2.140888415487783050e+02
-2.139388489478193662e+02
-2.139005379890082850e+02
-2.139005379890078586e+02
-2.138077150701481628e+02
-2.138077150701471680e+02
-2.137670867793296736e+02
-2.133763878666454161e+02

N=10, t_perp=0.100 
-2.189438594791544404e+02
-2.189417674805546881e+02
-2.189417674805486342e+02
-2.169662835791932878e+02
-2.169662835791912130e+02
-2.169500911815599125e+02
-2.169126805888959666e+02
-2.169126805888950287e+02
-2.168680482628118398e+02
-2.168511460264232937e+02
-2.168421128907901050e+02
-2.168247419705521963e+02
-2.168247419705514574e+02
-2.168226970463498731e+02
-2.168226970463497878e+02
-2.166425848871010373e+02
-2.166059257760362584e+02
-2.166059257760344678e+02
-2.165008992818974605e+02
-2.165008992818949878e+02
-2.163950068916463181e+02
-2.163888992782081857e+02
-2.163302310178317498e+02
-2.163302310178310961e+02
-2.163011122813637144e+02
-2.163011122813628333e+02
-2.163002403859543392e+02
-2.162934773948704219e+02
-2.162869177299949115e+02
-2.162869177299941157e+02
-2.162855722740131910e+02
-2.162855722740123667e+02
-2.162705615921134097e+02
-2.162399944728912544e+02
-2.161910466811544040e+02
-2.161910466811542619e+02
-2.160924673174722273e+02
-2.160924673174721420e+02
-2.160303744282474554e+02
-2.159612933548533249e+02

N=11, t_perp=0.100 
-2.210344474463049096e+02
-2.210344474462947062e+02
-2.210344032532202618e+02
-2.190356144695481362e+02
-2.190326987168080279e+02
-2.190326987168072037e+02
-2.189969304921554851e+02
-2.189969304921537514e+02
-2.189965017029016110e+02
-2.189667480239642430e+02
-2.189610821862152648e+02
-2.189610821862142700e+02
-2.189251428828926862e+02
-2.189251428828924873e+02
-2.189121892200770390e+02
-2.186930616425833875e+02
-2.186823524166659354e+02
-2.186823524166653954e+02
-2.186560793022714790e+02
-2.186560793022703137e+02
-2.186420295629696398e+02
-2.185537286228206710e+02
-2.185250341411205000e+02
-2.185250341411203010e+02
-2.184610734750289396e+02
-2.184610734750281154e+02
-2.184282414614933998e+02
-2.184155460489013763e+02
-2.184063161899738361e+02
-2.184063161899733529e+02
-2.184010965014449255e+02
-2.184010965014439876e+02
-2.183938803753714524e+02
-2.183196734037065312e+02
-2.183194999571224173e+02
-2.183194999571218773e+02
-2.183135964839250391e+02
-2.183135964839241865e+02
-2.183133133298256894e+02
-2.182193125761795329e+02

N=12, t_perp=0.100 
-2.231267702226854794e+02
-2.231262155492049715e+02
-2.231262155491907606e+02
-2.211225470264297428e+02
-2.211225103421020606e+02
-2.211225103421001847e+02
-2.210967263907384392e+02
-2.210967263907361087e+02
-2.210737367005971237e+02
-2.210522631858856926e+02
-2.210390441691403964e+02
-2.210390441691401406e+02
-2.210387358265007549e+02
-2.210344237286532518e+02
-2.210344237286523139e+02
-2.208311234534532730e+02
-2.208097772954054676e+02
-2.208097772954035349e+02
-2.207557833459528922e+02
-2.207557833459509311e+02
-2.206980804375951379e+02
-2.206917850853076288e+02
-2.206506427923181093e+02
-2.206506427923147555e+02
-2.206304372383776808e+02
-2.206304372383769987e+02
-2.206295249549620223e+02
-2.205660108865484403e+02
-2.205660108865466498e+02
-2.205659140365341671e+02
-2.205527609717000530e+02
-2.205527609716994277e+02
-2.205450956478137812e+02
-2.204489979476580856e+02
-2.204371376217855527e+02
-2.204371376217852116e+02
-2.204115616913978499e+02
-2.204115616913972815e+02
-2.203942860307082299e+02
-2.203650671421237348e+02

