N=5, t_perp=0.100 
-2.096309083384569476e+02
-2.096309083384548728e+02
-2.094405828447709155e+02
-2.086560444732567419e+02
-2.083622607174698089e+02
-2.083622607174685299e+02
-2.078810561857785046e+02
-2.078810561857778225e+02
-2.076532062877893452e+02
-2.076035559872209149e+02
-2.075012030563251528e+02
-2.074789806283967266e+02
-2.074789806283949929e+02
-2.074672273171484278e+02
-2.074672273171464667e+02
-2.069142386737248387e+02
-2.067091714235247366e+02
-2.067091714235223208e+02
-2.063508520009821723e+02
-2.063096172013876526e+02
-2.062443911994333803e+02
-2.062443911994314760e+02
-2.060282957883343045e+02
-2.060282957883337929e+02
-2.058327180989598730e+02
-2.058064881830713659e+02
-2.058064881830709965e+02
-2.057229586001369341e+02
-2.057229586001365931e+02
-2.055365879719261670e+02
-2.053766616628776376e+02
-2.053766616628773818e+02
-2.050511401742403166e+02
-2.050511401742400324e+02
-2.049804725922603268e+02
-2.049625468164412609e+02
-2.049625468164407778e+02
-2.048687679408238296e+02
-2.047843967970569850e+02
-2.045576331881743783e+02

N=6, t_perp=0.100 
-2.120675808399512334e+02
-2.116043628681202904e+02
-2.116043628681185567e+02
-2.112913846428338047e+02
-2.112913846428300815e+02
-2.103533475726509039e+02
-2.103057937062601752e+02
-2.102283711639559556e+02
-2.101837842484096939e+02
-2.101837842484094665e+02
-2.101454290393894837e+02
-2.101454290393874373e+02
-2.099748275031473099e+02
-2.099616900952888443e+02
-2.099616900952875085e+02
-2.096513030025948581e+02
-2.096513030025942612e+02
-2.095195077175180245e+02
-2.091221724178750776e+02
-2.091108302446891116e+02
-2.091108302446879463e+02
-2.089676836255408716e+02
-2.088712846040435238e+02
-2.088712846040427280e+02
-2.088127297689024715e+02
-2.087768568786006540e+02
-2.087768568786002277e+02
-2.085658942687160220e+02
-2.085658942687149988e+02
-2.085616860001765644e+02
-2.085616860001760529e+02
-2.085367195342585376e+02
-2.084019243692564203e+02
-2.083336865509807865e+02
-2.083290536063510956e+02
-2.083290536063487650e+02
-2.083287636990000635e+02
-2.082485308770492622e+02
-2.082485308770482106e+02
-2.080393110078360337e+02

N=7, t_perp=0.100 
-2.142367319766950118e+02
-2.140320901839974681e+02
-2.140320901839909027e+02
-2.135091635969309607e+02
-2.135091635969187109e+02
-2.130336174538208809e+02
-2.128497774295971112e+02
-2.126592931744292230e+02
-2.126592931744274892e+02
-2.125134908223299988e+02
-2.124290199052435355e+02
-2.124290199052431092e+02
-2.124221607220926558e+02
-2.124221607220921157e+02
-2.123216679822366189e+02
-2.122528676568484514e+02
-2.122528676568463197e+02
-2.120033001552781116e+02
-2.118781783198278958e+02
-2.118131632568232305e+02
-2.116859902177558013e+02
-2.116859902177549202e+02
-2.116645826908516312e+02
-2.116591488999746389e+02
-2.116591488999733031e+02
-2.114722612918468769e+02
-2.114722612918452285e+02
-2.113992842741185143e+02
-2.113992842741164964e+02
-2.112304428875904421e+02
-2.112304428875886515e+02
-2.111711498689939219e+02
-2.111228270556278233e+02
-2.111228270556264022e+02
-2.110958904180643003e+02
-2.109984561274798125e+02
-2.109661755967995020e+02
-2.108931591578297855e+02
-2.108563781317229200e+02
-2.108563781317228347e+02

N=8, t_perp=0.100 
-2.164316137561367839e+02
-2.164316137561356470e+02
-2.162973392298939359e+02
-2.158463892342570034e+02
-2.156332134041952031e+02
-2.156332134041864208e+02
-2.151184674216176234e+02
-2.151184674216153212e+02
-2.150986218696965295e+02
-2.149995872975141253e+02
-2.149995872975137274e+02
-2.149133841640359606e+02
-2.148601239832202907e+02
-2.148601239832188980e+02
-2.148585625908016254e+02
-2.145121545872890181e+02
-2.144380056857981458e+02
-2.144380056857974637e+02
-2.143506297868777608e+02
-2.143298680779322751e+02
-2.143298680779307404e+02
-2.142108157141412050e+02
-2.142108157141398408e+02
-2.140798440692680060e+02
-2.140319758554918224e+02
-2.140198527144593754e+02
-2.139796227588338411e+02
-2.139796227588337558e+02
-2.139419636154070758e+02
-2.139071441345225537e+02
-2.138608081155621221e+02
-2.138608081155600757e+02
-2.137615140544041594e+02
-2.137615140544033636e+02
-2.137357813520377761e+02
-2.137357813520369234e+02
-2.135928677405831877e+02
-2.135928677405826477e+02
-2.135083475031508726e+02
-2.135023813696678872e+02

N=9, t_perp=0.100 
-2.187899099515253454e+02
-2.185400903649389761e+02
-2.185400903649236568e+02
-2.182521414443689594e+02
-2.182521414443583865e+02
-2.176464114240062599e+02
-2.175541717684658067e+02
-2.174829222727018418e+02
-2.174464268149282020e+02
-2.174464268149255020e+02
-2.173341292738138577e+02
-2.173341292738120671e+02
-2.172933446596196347e+02
-2.172832279073271593e+02
-2.172832279073271593e+02
-2.169946571752226987e+02
-2.169946571752199418e+02
-2.169300539262346774e+02
-2.166327057502914784e+02
-2.166327057502885225e+02
-2.166155386518230159e+02
-2.166155386518222201e+02
-2.166095001444375896e+02
-2.166000659132694466e+02
-2.164993795030881643e+02
-2.164901219707409439e+02
-2.164405843637109399e+02
-2.164240131863871852e+02
-2.164240131863864747e+02
-2.164116516167754298e+02
-2.164116516167752309e+02
-2.163561600660967201e+02
-2.163561600660966917e+02
-2.162385676857509793e+02
-2.162385676857501835e+02
-2.161396891475907296e+02
-2.161396891475889959e+02
-2.161068405428022743e+02
-2.160809386262060059e+02
-2.160809386262042153e+02

N=10, t_perp=0.100 
-2.210292706545289434e+02
-2.208443921457446493e+02
-2.208443921457284773e+02
-2.205352494306787889e+02
-2.205352494306667097e+02
-2.200897127057725129e+02
-2.199465767236170279e+02
-2.198192218039802981e+02
-2.198192218039778538e+02
-2.197658977046242228e+02
-2.196813125758212948e+02
-2.196813125758207264e+02
-2.196486128343046289e+02
-2.196486128342984614e+02
-2.196296726461913238e+02
-2.194683224695056651e+02
-2.194683224694977355e+02
-2.193874528451338222e+02
-2.190922573987939188e+02
-2.190446480680129469e+02
-2.190446480680107584e+02
-2.190294244469585294e+02
-2.190096557585350467e+02
-2.189500503198080992e+02
-2.189500503198031254e+02
-2.188742636906591201e+02
-2.188742636906552264e+02
-2.188074808644636562e+02
-2.188074808644635141e+02
-2.187792755526277233e+02
-2.187792755526274391e+02
-2.187560592222648097e+02
-2.187359361699820681e+02
-2.187003634191804906e+02
-2.187003634191797801e+02
-2.186614969951808973e+02
-2.186614969951805847e+02
-2.186572435519664737e+02
-2.185669235487887647e+02
-2.185669235487885373e+02

N=11, t_perp=0.100 
-2.232221300426882920e+02
-2.232221300426874393e+02
-2.231338555797421179e+02
-2.228004981728831808e+02
-2.226595790440559881e+02
-2.226595790440403277e+02
-2.222229895158261002e+02
-2.221908650898453175e+02
-2.221908650898429300e+02
-2.221368907365289829e+02
-2.221368907365252880e+02
-2.220598834094391236e+02
-2.220031968439617742e+02
-2.220031968439589320e+02
-2.219647797838923111e+02
-2.217806516720010563e+02
-2.216625059277694447e+02
-2.216625059277629077e+02
-2.215773762326373344e+02
-2.215773762326350891e+02
-2.215619244420187499e+02
-2.214075245501775839e+02
-2.214075245501724680e+02
-2.213608528011622525e+02
-2.213579554083143250e+02
-2.213579554083141829e+02
-2.213295058962384303e+02
-2.212422243482488966e+02
-2.211750493364648662e+02
-2.211750493364648378e+02
-2.211450158738223877e+02
-2.211395829988796606e+02
-2.211284275737295104e+02
-2.211284275737284588e+02
-2.210301290497975799e+02
-2.210301290497958462e+02
-2.210109876000958877e+02
-2.210109876000939835e+02
-2.209647885315558256e+02
-2.209647885315556266e+02

N=12, t_perp=0.100 
-2.255423955304486867e+02
-2.253969845632626630e+02
-2.253969845632465763e+02
-2.251315887849229398e+02
-2.251315887849101500e+02
-2.247752068501998224e+02
-2.245846914328359105e+02
-2.245169787305882778e+02
-2.245169787305829914e+02
-2.244979791391674553e+02
-2.244028796080027917e+02
-2.243962042153198979e+02
-2.243962042153125651e+02
-2.243941872561099444e+02
-2.243941872560987463e+02
-2.241288062541520958e+02
-2.241288062541415513e+02
-2.240949159208246044e+02
-2.238780050374978146e+02
-2.238780050374967914e+02
-2.238414186842273637e+02
-2.238015858335416794e+02
-2.237577886849518620e+02
-2.237577886849517768e+02
-2.237267937430719371e+02
-2.236784456647212380e+02
-2.236784456647208401e+02
-2.236725642881924330e+02
-2.236508070609274057e+02
-2.236232650825162125e+02
-2.236232650825154167e+02
-2.235911404248921883e+02
-2.235911404248917336e+02
-2.234677918757038810e+02
-2.234677918756970314e+02
-2.234062442393906167e+02
-2.233685720302440814e+02
-2.233685720302394486e+02
-2.233678746681028997e+02
-2.233678746681000291e+02

