N=5, t_perp=0.100 
-2.088086047723671186e+02
-2.088086047723661522e+02
-2.087239388595246794e+02
-2.075769057408101617e+02
-2.074254878636836850e+02
-2.074254878636835713e+02
-2.069705786147749507e+02
-2.069705786147746664e+02
-2.069006566495035315e+02
-2.067286731553901404e+02
-2.067286731553893731e+02
-2.067210360332788355e+02
-2.066674473830986472e+02
-2.066387362153509457e+02
-2.066387362153502067e+02
-2.058809507067371385e+02
-2.057693263796638803e+02
-2.057693263796626297e+02
-2.056624098262211646e+02
-2.053666069735634778e+02
-2.053517875466375529e+02
-2.053517875466373539e+02
-2.052134698186613662e+02
-2.052134698186610251e+02
-2.051854227408737188e+02
-2.051854227408732925e+02
-2.049721424366092606e+02
-2.049444827651540777e+02
-2.049444827651539924e+02
-2.048168817158765194e+02
-2.047477268581802434e+02
-2.047477268581800161e+02
-2.045370896925643365e+02
-2.044678938595271518e+02
-2.044678938595267539e+02
-2.044648829382433064e+02
-2.042972936623897056e+02
-2.042972936623890234e+02
-2.041708932297305239e+02
-2.039775114970773586e+02

N=6, t_perp=0.100 
-2.110124585617629123e+02
-2.108518347680084446e+02
-2.108518347680077056e+02
-2.098231325495400483e+02
-2.098231325495332271e+02
-2.092706589402328632e+02
-2.091983767707209552e+02
-2.091809428190029507e+02
-2.091459889838893673e+02
-2.091459889838877189e+02
-2.089997595145277387e+02
-2.089997595145264313e+02
-2.089788640190296860e+02
-2.089479141496600505e+02
-2.089479141496588284e+02
-2.086319406381495867e+02
-2.086319406381476824e+02
-2.086033316424877739e+02
-2.082015641868179614e+02
-2.082015641868156024e+02
-2.080403174305302798e+02
-2.078807179869734512e+02
-2.078285567597427246e+02
-2.077935821688465978e+02
-2.077935821688459441e+02
-2.077799604775246678e+02
-2.077799604775239857e+02
-2.076703429669272225e+02
-2.075734581427062722e+02
-2.075734581427061300e+02
-2.075515006208287616e+02
-2.075515006208275963e+02
-2.073433000855443709e+02
-2.073385606093175682e+02
-2.073385606093173976e+02
-2.073082517321660703e+02
-2.072218210031599881e+02
-2.071776416300428707e+02
-2.070872279125376849e+02
-2.070872279125369744e+02

N=7, t_perp=0.100 
-2.130925139377135906e+02
-2.130283094414599248e+02
-2.130283094414598963e+02
-2.118891876360778213e+02
-2.118891876360705453e+02
-2.115859976712117145e+02
-2.115356901188609697e+02
-2.113988135659331533e+02
-2.113988135659315617e+02
-2.112706351294231126e+02
-2.111974814525933368e+02
-2.111974814525924842e+02
-2.111871653762053143e+02
-2.111871653762034953e+02
-2.111737040218676213e+02
-2.109976396821518847e+02
-2.109976396821508047e+02
-2.109207878686936510e+02
-2.106224933804344062e+02
-2.106224933804339514e+02
-2.106092777737225674e+02
-2.105473859080763930e+02
-2.104352428188957447e+02
-2.104352428188948352e+02
-2.103157517040850166e+02
-2.103157517040845335e+02
-2.102651518496144831e+02
-2.101491097210386272e+02
-2.100596177927456552e+02
-2.100596177927450015e+02
-2.099256379218024904e+02
-2.099256379218013535e+02
-2.099233592383259008e+02
-2.098947240918659531e+02
-2.098947240918652426e+02
-2.098408705156394944e+02
-2.096624383671645830e+02
-2.096422498774947485e+02
-2.096422498774937822e+02
-2.096301773553889234e+02

N=8, t_perp=0.100 
-2.151971593060542602e+02
-2.151971593060512760e+02
-2.151754588463825542e+02
-2.139465189765055300e+02
-2.138984484394039214e+02
-2.138984484393967591e+02
-2.136552903903176457e+02
-2.136112110168153322e+02
-2.136112110168140248e+02
-2.135407714893893854e+02
-2.135407714893882485e+02
-2.134787244911223354e+02
-2.134135269417389509e+02
-2.134135269417385814e+02
-2.133935094274191613e+02
-2.131208653043039192e+02
-2.130620054465226190e+02
-2.130620054465202031e+02
-2.130285347467774670e+02
-2.130285347467750512e+02
-2.129872305234129897e+02
-2.127831319448576153e+02
-2.127831319448538920e+02
-2.127430795765867515e+02
-2.126604829916373376e+02
-2.126366424899739513e+02
-2.126021658335269535e+02
-2.126021658335255893e+02
-2.125025145149345747e+02
-2.125025145149340062e+02
-2.124996874284090040e+02
-2.124996874284082082e+02
-2.124515907813293154e+02
-2.123227472515524994e+02
-2.123086848484076086e+02
-2.123086848484075517e+02
-2.122011206026592447e+02
-2.121539843458651262e+02
-2.121539843458636483e+02
-2.120366491610229502e+02

N=9, t_perp=0.100 
-2.173516770109769141e+02
-2.173175675264975553e+02
-2.173175675264952531e+02
-2.160935359098828883e+02
-2.160935359098743902e+02
-2.158552788848372757e+02
-2.158146010617974184e+02
-2.157851835603723885e+02
-2.157851835603698021e+02
-2.157549296481047350e+02
-2.156857888540079102e+02
-2.156595859305037379e+02
-2.156595859305018905e+02
-2.156443709654949998e+02
-2.156443709654929535e+02
-2.153844563512838306e+02
-2.153744506724189023e+02
-2.153744506724165717e+02
-2.151783908746205043e+02
-2.151783908746175484e+02
-2.151032573110759074e+02
-2.150500787731939454e+02
-2.150500787731930075e+02
-2.150137794927724144e+02
-2.150042494301392821e+02
-2.149597147662474299e+02
-2.149597147662466341e+02
-2.148545937944172692e+02
-2.148511665309278555e+02
-2.148511665309260081e+02
-2.148264661000612250e+02
-2.147909756239742478e+02
-2.147909756239719457e+02
-2.146513052841307001e+02
-2.146513052841299327e+02
-2.146360211940224474e+02
-2.145507869265183274e+02
-2.145507148498615493e+02
-2.145507148498602703e+02
-2.145193279587000745e+02

N=10, t_perp=0.100 
-2.194825942548675073e+02
-2.194622541742859312e+02
-2.194622541742818100e+02
-2.181935113369801229e+02
-2.181935113369722785e+02
-2.180377558096460007e+02
-2.179694653015208985e+02
-2.179552771980256693e+02
-2.179552771980252430e+02
-2.178834941087698667e+02
-2.178541368263691425e+02
-2.178341888580774253e+02
-2.178341888580771695e+02
-2.178169572522007513e+02
-2.178169572521996713e+02
-2.176593171358061340e+02
-2.176303003480899179e+02
-2.176303003480865073e+02
-2.174069731887984176e+02
-2.174069731887906300e+02
-2.172953880127815580e+02
-2.172386116141917398e+02
-2.172005343711558680e+02
-2.171972568879102710e+02
-2.171972568879094752e+02
-2.171664041636498439e+02
-2.171664041636497871e+02
-2.171559063828674425e+02
-2.171559063828665330e+02
-2.171106908385778809e+02
-2.171070359342095628e+02
-2.171070359342078007e+02
-2.170876373107660129e+02
-2.170394110885121393e+02
-2.169827532810105595e+02
-2.169827532810083142e+02
-2.167909972408434101e+02
-2.167909972408428416e+02
-2.167908499218396514e+02
-2.167815171259027238e+02

N=11, t_perp=0.100 
-2.216106974226351269e+02
-2.216106974226301531e+02
-2.216062207592547679e+02
-2.202565376687512355e+02
-2.202565376687479954e+02
-2.202466432139883636e+02
-2.201668850166855407e+02
-2.201169727099540694e+02
-2.201169727099518525e+02
-2.200650964352759615e+02
-2.200650964352756205e+02
-2.200534171923348765e+02
-2.199773298844927467e+02
-2.199773298844918372e+02
-2.199476117817753789e+02
-2.197541061013654655e+02
-2.197162576043214415e+02
-2.197162576043175761e+02
-2.197152992750019962e+02
-2.197152992749988130e+02
-2.196901583463364318e+02
-2.194612127730511588e+02
-2.194564435625613896e+02
-2.194564435625591159e+02
-2.193894215825554568e+02
-2.193580280663149438e+02
-2.193580280663146880e+02
-2.193375344417036956e+02
-2.193375344417024735e+02
-2.193266989017049013e+02
-2.193117894248735809e+02
-2.193029694831902532e+02
-2.193029694831897700e+02
-2.192103282615637454e+02
-2.192103282615628075e+02
-2.191926836622303369e+02
-2.191926836622287738e+02
-2.191897267374297940e+02
-2.191536110953699676e+02
-2.190122469383252906e+02

N=12, t_perp=0.100 
-2.237536005080579002e+02
-2.237471155311693565e+02
-2.237471155311619384e+02
-2.224010685202288471e+02
-2.224010685202189563e+02
-2.223202738623099606e+02
-2.222749627289097418e+02
-2.222749627289072407e+02
-2.222604601972723515e+02
-2.222234587611013126e+02
-2.222080856742633443e+02
-2.221753929860563517e+02
-2.221753929860499852e+02
-2.221751825452685125e+02
-2.221751825452635103e+02
-2.219519883555369120e+02
-2.219361591705897467e+02
-2.219361591705890646e+02
-2.218397528257242470e+02
-2.218397528257220870e+02
-2.217847964120210520e+02
-2.216858253972755506e+02
-2.216858253972728789e+02
-2.216768093213590305e+02
-2.216540758472544326e+02
-2.216420718528962936e+02
-2.216420718528951284e+02
-2.215682124554260497e+02
-2.215594510061292794e+02
-2.215594510061288815e+02
-2.215483742703232792e+02
-2.215214410226162727e+02
-2.215214410226156758e+02
-2.213783331303742159e+02
-2.213783331303738180e+02
-2.213638363933619644e+02
-2.213296983925902168e+02
-2.213296983925892221e+02
-2.213127821040260699e+02
-2.212949776958273276e+02

