N=5, t_perp=0.100 
-2.082175027611182543e+02
-2.082175027611172311e+02
-2.082151580544670537e+02
-2.058823373629161892e+02
-2.058593995971869788e+02
-2.058593995971868367e+02
-2.058017425636412270e+02
-2.057816224061131436e+02
-2.057816224061116941e+02
-2.056637599358042223e+02
-2.056637599358039097e+02
-2.056423772919308703e+02
-2.056332444736353864e+02
-2.056332444736347895e+02
-2.055830949947222166e+02
-2.050119639365829016e+02
-2.049345488177182233e+02
-2.049238945855237546e+02
-2.049238945855228167e+02
-2.048925320903166778e+02
-2.048925320903156830e+02
-2.047621015330903731e+02
-2.047596453189591159e+02
-2.047596453189585191e+02
-2.046609412886023449e+02
-2.046609412886010659e+02
-2.045740593622261088e+02
-2.036054394037871305e+02
-2.036054394037869599e+02
-2.035949418634598942e+02
-2.033934983188119077e+02
-2.033043413652960680e+02
-2.033043413652956417e+02
-2.031002060769448860e+02
-2.031002060769444881e+02
-2.030734381476970043e+02
-2.028870708822364008e+02
-2.028870708822358893e+02
-2.028739715909997301e+02
-2.028322192281106311e+02

N=6, t_perp=0.100 
-2.102627539847798630e+02
-2.102553428976401904e+02
-2.102553428976399346e+02
-2.079056466931721729e+02
-2.079056466931710361e+02
-2.078492384659792549e+02
-2.078217356689976612e+02
-2.078217356689966380e+02
-2.077839411203601685e+02
-2.077732434461941864e+02
-2.077369076206543070e+02
-2.077369076206535681e+02
-2.077357360340905359e+02
-2.077357360340898822e+02
-2.077312124802165840e+02
-2.074719546436051587e+02
-2.074242202302811791e+02
-2.074242202302805254e+02
-2.073084762224601718e+02
-2.073084762224599729e+02
-2.072527167715676057e+02
-2.069831288995877685e+02
-2.069792269608230981e+02
-2.069792269608230697e+02
-2.069778093226312023e+02
-2.069725413427980527e+02
-2.069725413427975980e+02
-2.068006170021104140e+02
-2.067520329093269993e+02
-2.067520329093254929e+02
-2.066853790528878392e+02
-2.066853790528862476e+02
-2.066697498031810483e+02
-2.057238030615028777e+02
-2.057238030615021671e+02
-2.056579861916132188e+02
-2.056373672104761283e+02
-2.055797734422690155e+02
-2.055797734422675092e+02
-2.053887890059935160e+02

N=7, t_perp=0.100 
-2.123003129218460572e+02
-2.122983860187853509e+02
-2.122983860187803771e+02
-2.099196700934643047e+02
-2.099196700934627131e+02
-2.099090035983506368e+02
-2.098740521714585157e+02
-2.098740521714577199e+02
-2.098414115732371670e+02
-2.098011723901136065e+02
-2.097967326222659779e+02
-2.097853586289745067e+02
-2.097853586289742225e+02
-2.097841715183196527e+02
-2.097841715183190274e+02
-2.096154405980788624e+02
-2.095841372936526454e+02
-2.095841372936515938e+02
-2.094926797491295360e+02
-2.094926797491286550e+02
-2.094269212305427175e+02
-2.093713683959664706e+02
-2.093332055445589504e+02
-2.093332055445589219e+02
-2.092950928215112469e+02
-2.092950928215108206e+02
-2.092898625196075955e+02
-2.090528272881561236e+02
-2.090294508380762579e+02
-2.090294508380746095e+02
-2.089877965450231727e+02
-2.089877965450230022e+02
-2.089646385015657870e+02
-2.088140133558350442e+02
-2.087859949632970427e+02
-2.087859949632968153e+02
-2.087401910091011246e+02
-2.087401910091001298e+02
-2.087182384620126925e+02
-2.077752791721233052e+02

N=8, t_perp=0.100 
-2.143402535016523132e+02
-2.143402535016468562e+02
-2.143402194373423697e+02
-2.119378081187964824e+02
-2.119322055310595943e+02
-2.119322055310589690e+02
-2.119067341184470763e+02
-2.119067341184461100e+02
-2.119047555943828343e+02
-2.118716554038161632e+02
-2.118696946227352385e+02
-2.118696946227338742e+02
-2.118467744896936722e+02
-2.118467744896932459e+02
-2.118380524089566279e+02
-2.116403786703479568e+02
-2.116303911506126951e+02
-2.116303911506123256e+02
-2.115994853867376264e+02
-2.115994853867369727e+02
-2.115622668492499088e+02
-2.115427262156853487e+02
-2.114990025894166195e+02
-2.114990025894154542e+02
-2.114517587615467562e+02
-2.114517587615464720e+02
-2.114318704002170932e+02
-2.113553528376128554e+02
-2.113370912416193619e+02
-2.113370912416193619e+02
-2.113108854483159007e+02
-2.113108854483151617e+02
-2.112970690764043695e+02
-2.110579091742070830e+02
-2.110452840973858599e+02
-2.110452840973855189e+02
-2.110293012668314816e+02
-2.110293012668311121e+02
-2.110255933445944265e+02
-2.108259397902245098e+02

N=9, t_perp=0.100 
-2.163816522354470635e+02
-2.163813584556424132e+02
-2.163813584556367289e+02
-2.139709758079244750e+02
-2.139679304300730394e+02
-2.139679304300717035e+02
-2.139495858757186397e+02
-2.139495858757173323e+02
-2.139319864011283698e+02
-2.139204504431318981e+02
-2.139105576177892942e+02
-2.139105576177884132e+02
-2.139058017278444481e+02
-2.139051959983707718e+02
-2.139051959983698623e+02
-2.137104959070699408e+02
-2.136957724971888695e+02
-2.136957724971874484e+02
-2.136610803301183239e+02
-2.136610803301166754e+02
-2.136292834170869241e+02
-2.136088662762863066e+02
-2.135815019582847754e+02
-2.135815019582826437e+02
-2.135545241949327249e+02
-2.135545241949315027e+02
-2.135442564459530104e+02
-2.135077285905742599e+02
-2.135028194699307846e+02
-2.135028194699302446e+02
-2.134921033539741018e+02
-2.134921033539735902e+02
-2.134842674590339016e+02
-2.133445199968809334e+02
-2.133291714643751789e+02
-2.133291714643751789e+02
-2.133001368866229370e+02
-2.133001368866224539e+02
-2.132868810633819407e+02
-2.130874959939833388e+02

N=10, t_perp=0.100 
-2.184227427703905846e+02
-2.184226350727425938e+02
-2.184226350727346357e+02
-2.160108679753479066e+02
-2.160069934575208492e+02
-2.160069934575195134e+02
-2.159925825275053626e+02
-2.159925825275047089e+02
-2.159793883136425450e+02
-2.159593639126406970e+02
-2.159517076914958977e+02
-2.159517076914945335e+02
-2.159482472545689973e+02
-2.159477700780720113e+02
-2.159477700780715850e+02
-2.157865927653085691e+02
-2.157721155718732291e+02
-2.157721155718727175e+02
-2.157369069746453647e+02
-2.157369069746453363e+02
-2.157120358986090594e+02
-2.156407720822135730e+02
-2.156284268373802888e+02
-2.156284268373795499e+02
-2.156165177810321438e+02
-2.156165177810311206e+02
-2.156133561542193320e+02
-2.155786309788147719e+02
-2.155775179120083465e+02
-2.155775179120072949e+02
-2.155735865155919555e+02
-2.155735865155901649e+02
-2.155632270742581227e+02
-2.155609138287398423e+02
-2.155358263591438970e+02
-2.155358263591436696e+02
-2.154996136308052996e+02
-2.154996136308043049e+02
-2.154810897409490167e+02
-2.153415743313390749e+02

N=11, t_perp=0.100 
-2.204638881041832974e+02
-2.204638843290643990e+02
-2.204638843290536272e+02
-2.180482160505946183e+02
-2.180443262309882186e+02
-2.180443262309860586e+02
-2.180342158706685609e+02
-2.180342158706654629e+02
-2.180269200213558634e+02
-2.180052816133164981e+02
-2.179987013632087667e+02
-2.179987013632085961e+02
-2.179900108056974659e+02
-2.179900108056962722e+02
-2.179866630172195983e+02
-2.178361536888211560e+02
-2.178277833098354392e+02
-2.178277833098336771e+02
-2.178054850720714626e+02
-2.178054850720697573e+02
-2.177865240625303045e+02
-2.177287644999790928e+02
-2.177027854382579335e+02
-2.177027854382548355e+02
-2.176637461562382327e+02
-2.176637461562374369e+02
-2.176480313995405993e+02
-2.176369562661732004e+02
-2.176369562661720920e+02
-2.176368414260096813e+02
-2.176368414260088571e+02
-2.176367505384745584e+02
-2.176364161884573605e+02
-2.176176016556129298e+02
-2.176174483095917083e+02
-2.176174483095895766e+02
-2.176133354763097145e+02
-2.176133354763069292e+02
-2.176012821480220509e+02
-2.175546063882224530e+02

N=12, t_perp=0.100 
-2.225051079726992214e+02
-2.225050963216731930e+02
-2.225050963216545767e+02
-2.200861789427042368e+02
-2.200835287494314798e+02
-2.200835287494313093e+02
-2.200769585235441355e+02
-2.200769585235427712e+02
-2.200727522560372336e+02
-2.200422371752653135e+02
-2.200391604772078153e+02
-2.200391604772068774e+02
-2.200346657078059422e+02
-2.200346657078054591e+02
-2.200329132752151509e+02
-2.198889966145048049e+02
-2.198821383200778996e+02
-2.198821383200752280e+02
-2.198649623605639363e+02
-2.198649623605635952e+02
-2.198522384257966564e+02
-2.197907198140148068e+02
-2.197718657816940890e+02
-2.197718657816924406e+02
-2.197358200960298689e+02
-2.197358200960284762e+02
-2.197017833440599190e+02
-2.196980767758916784e+02
-2.196854372013515899e+02
-2.196854372013477246e+02
-2.196823330590439980e+02
-2.196823330590417243e+02
-2.196808778028797065e+02
-2.196758483852990764e+02
-2.196752944464466282e+02
-2.196752944464453776e+02
-2.196748270208055942e+02
-2.196748270208030078e+02
-2.196731865704455799e+02
-2.196690185360150736e+02

