N=5, t_perp=0.100 
-2.092740198843058010e+02
-2.092740198843044936e+02
-2.092163039610907163e+02
-2.081512871000892630e+02
-2.080172952549785350e+02
-2.080172952549769434e+02
-2.073435907723480511e+02
-2.073372957119937041e+02
-2.073372957119924251e+02
-2.071909940807522901e+02
-2.071909940807520343e+02
-2.071645793294141811e+02
-2.070096492121091956e+02
-2.070096492121081440e+02
-2.069239237815161516e+02
-2.056493432488140911e+02
-2.056366969977592589e+02
-2.055413417632574067e+02
-2.055413417632570372e+02
-2.054505604701220705e+02
-2.054362086384599309e+02
-2.054362086384593340e+02
-2.053491351139691687e+02
-2.053491351139685719e+02
-2.052734723327164374e+02
-2.052734723327163238e+02
-2.051628955144060171e+02
-2.050847871260517650e+02
-2.050847871260508271e+02
-2.050620470910885729e+02
-2.048163287805156472e+02
-2.048163287805155903e+02
-2.047626318962900314e+02
-2.045676272940369245e+02
-2.045676272940367824e+02
-2.044595612558168511e+02
-2.043098310447931567e+02
-2.043098310447928725e+02
-2.041519180918315328e+02
-2.041209482246812286e+02

N=6, t_perp=0.100 
-2.116504288742724782e+02
-2.113032563734501821e+02
-2.113032563734491589e+02
-2.107561025125330900e+02
-2.107561025125299352e+02
-2.098098610933392081e+02
-2.097832987923866881e+02
-2.097832987923846702e+02
-2.097460157440973489e+02
-2.097180557965908179e+02
-2.094601738801100339e+02
-2.094601738801078170e+02
-2.094113944620707741e+02
-2.094113944620691257e+02
-2.094057689424060413e+02
-2.091978954880464983e+02
-2.091581728846458077e+02
-2.091581728846440171e+02
-2.084830800604936769e+02
-2.084830800604934780e+02
-2.082760911235515948e+02
-2.082632832927505433e+02
-2.082632832927500601e+02
-2.081996150325065287e+02
-2.080811286349095042e+02
-2.080791212985923266e+02
-2.080791212985919287e+02
-2.080510104356529837e+02
-2.077054937662692851e+02
-2.076712333805406558e+02
-2.076712333805394906e+02
-2.076306057023394374e+02
-2.076246654283482371e+02
-2.075835741073816507e+02
-2.075835741073816507e+02
-2.075184753078146969e+02
-2.074628115386888965e+02
-2.074628115386884417e+02
-2.073654314964646233e+02
-2.073654314964636001e+02

N=7, t_perp=0.100 
-2.137603043674726280e+02
-2.136374700138936191e+02
-2.136374700138921412e+02
-2.128683156163283172e+02
-2.128683156163190802e+02
-2.125320483953960604e+02
-2.122392173794316363e+02
-2.121826886770177509e+02
-2.121826886770123224e+02
-2.119697983821090475e+02
-2.118825663183660311e+02
-2.118825663183656900e+02
-2.117773564898367340e+02
-2.117773564898355119e+02
-2.117595047340452368e+02
-2.115846051234340450e+02
-2.115846051234317429e+02
-2.114085646895135540e+02
-2.112594104667652175e+02
-2.111215756671743975e+02
-2.111215756671743975e+02
-2.110158488759956583e+02
-2.110158488759955731e+02
-2.110132192288910460e+02
-2.108651821820320436e+02
-2.107645399850811998e+02
-2.107645399850811145e+02
-2.106807025578601156e+02
-2.106514156901370143e+02
-2.106514156901358206e+02
-2.103941172291770840e+02
-2.103889247166174528e+02
-2.103889247166174243e+02
-2.103123409458234221e+02
-2.102836442496443112e+02
-2.102753384727444939e+02
-2.102753384727431865e+02
-2.101613652790823039e+02
-2.101613652790808260e+02
-2.100517943945132515e+02

N=8, t_perp=0.100 
-2.159128165850814867e+02
-2.159128165850788719e+02
-2.158871960366574285e+02
-2.150594888118196195e+02
-2.149935478037383518e+02
-2.149935478037357655e+02
-2.145416965792138910e+02
-2.144588879088479700e+02
-2.144588879088454689e+02
-2.144244390185235716e+02
-2.144244390185194220e+02
-2.142767060488941695e+02
-2.142400736887956612e+02
-2.142400736887940411e+02
-2.142187163111001951e+02
-2.138336394651069838e+02
-2.137324699632581257e+02
-2.137324699632571878e+02
-2.136019096384917191e+02
-2.136019096384908948e+02
-2.135807447455621286e+02
-2.134422242587892526e+02
-2.134422242587868936e+02
-2.133578472169624263e+02
-2.133113202599092233e+02
-2.132478371020308998e+02
-2.132420870088890581e+02
-2.132420870088888876e+02
-2.132405278421731794e+02
-2.132405278421726109e+02
-2.132090342725879566e+02
-2.131386469205039873e+02
-2.131386469205030210e+02
-2.130583544609168030e+02
-2.130583544609152398e+02
-2.129919281438419887e+02
-2.128312687073540701e+02
-2.127468187083066766e+02
-2.127468187083063924e+02
-2.127180337758109658e+02

N=9, t_perp=0.100 
-2.182086725683939790e+02
-2.180642544843215376e+02
-2.180642544843202302e+02
-2.174195918834820134e+02
-2.174195918834706163e+02
-2.168711207115640605e+02
-2.168526985553529585e+02
-2.168120047529465637e+02
-2.168120047529452563e+02
-2.167535965677752188e+02
-2.165755375170585069e+02
-2.165755375170582795e+02
-2.165684461781216896e+02
-2.165653083343383116e+02
-2.165653083343380558e+02
-2.163915936721173523e+02
-2.163291536897600622e+02
-2.163291536897588969e+02
-2.159172332534660654e+02
-2.159172332534594148e+02
-2.158158119143888882e+02
-2.157785353751512503e+02
-2.157516251550265167e+02
-2.157516251550262325e+02
-2.157078912338597547e+02
-2.156845994475764314e+02
-2.156845994475742430e+02
-2.156560968374928109e+02
-2.156371262135740778e+02
-2.156371262135733957e+02
-2.156291658077267073e+02
-2.156131987674602328e+02
-2.156131987674590675e+02
-2.155333481163291651e+02
-2.154826210333040137e+02
-2.154826210333033032e+02
-2.153794782789469764e+02
-2.153794782789468059e+02
-2.153748669884372191e+02
-2.152837281529801317e+02

N=10, t_perp=0.100 
-2.203888809785873661e+02
-2.203168154597103978e+02
-2.203168154597079536e+02
-2.195898183156380128e+02
-2.195898183156267578e+02
-2.193136699542799022e+02
-2.191594299512042596e+02
-2.191051374194882158e+02
-2.191051374194855157e+02
-2.189837730059325906e+02
-2.189125380330261237e+02
-2.189125380330252710e+02
-2.188713849881466444e+02
-2.188653368683971792e+02
-2.188653368683963265e+02
-2.186438874920105775e+02
-2.186438874920094975e+02
-2.186261328623448321e+02
-2.183482016322757886e+02
-2.183482016322713548e+02
-2.183258171027593448e+02
-2.181580463636916818e+02
-2.181463025066566388e+02
-2.181463025066565535e+02
-2.180732720343818585e+02
-2.180483661377861893e+02
-2.180483661377860471e+02
-2.179904067525399398e+02
-2.179878902102932159e+02
-2.179482586175626011e+02
-2.179482586175622885e+02
-2.179010990554689613e+02
-2.179010990554663181e+02
-2.178837540284003467e+02
-2.178837540283976750e+02
-2.178509550529355181e+02
-2.178509550529327612e+02
-2.178394360480445755e+02
-2.177971874779375128e+02
-2.177086377676878044e+02

N=11, t_perp=0.100 
-2.225676209709063471e+02
-2.225676209708996112e+02
-2.225601365887091276e+02
-2.217423443253490234e+02
-2.217232537087731430e+02
-2.217232537087679134e+02
-2.214248671941074633e+02
-2.213366917231232662e+02
-2.213366917231180651e+02
-2.213267979891950006e+02
-2.213267979891936932e+02
-2.211948154254377528e+02
-2.211819529693941035e+02
-2.211819529693920856e+02
-2.211717651329626051e+02
-2.208965122918135364e+02
-2.208037777099387142e+02
-2.208037777099360994e+02
-2.207589698358261501e+02
-2.207589698358244164e+02
-2.207352742239298777e+02
-2.204963836271863329e+02
-2.204963836271828086e+02
-2.204632145360050117e+02
-2.204564615765323765e+02
-2.204034626972990338e+02
-2.204034626972986075e+02
-2.203761415649261721e+02
-2.203512640183695908e+02
-2.203512640183685676e+02
-2.203210273469449021e+02
-2.203210273469448737e+02
-2.202840160093949464e+02
-2.202791488438168415e+02
-2.202791488438161025e+02
-2.202433839631764840e+02
-2.200980277136628729e+02
-2.200881034598044721e+02
-2.200493924570205309e+02
-2.200493924570187119e+02

N=12, t_perp=0.100 
-2.248237665700934542e+02
-2.247655287608597234e+02
-2.247655287608573644e+02
-2.240296052932793032e+02
-2.240296052932715725e+02
-2.237165762314785411e+02
-2.236866011598503405e+02
-2.236416395299969508e+02
-2.236416395299968372e+02
-2.235702531063969047e+02
-2.234851135075081174e+02
-2.234739952192736041e+02
-2.234739952192729788e+02
-2.234683914889290293e+02
-2.234683914889274376e+02
-2.233109331210953883e+02
-2.232551655711046124e+02
-2.232551655711009175e+02
-2.229926580665784854e+02
-2.229926580665692200e+02
-2.229050594622146946e+02
-2.228132279963664075e+02
-2.227969367434994581e+02
-2.227969367434959338e+02
-2.227691557337095674e+02
-2.227501470639251124e+02
-2.227501470639242598e+02
-2.227104804893978951e+02
-2.227074111207659826e+02
-2.227074111207642204e+02
-2.226831827798207257e+02
-2.226378722678758209e+02
-2.226313830889236556e+02
-2.226313830889222629e+02
-2.226159291338469473e+02
-2.226159291338467483e+02
-2.224825735227194343e+02
-2.224584552681024263e+02
-2.224584552681013747e+02
-2.224574809870753427e+02

