N=5, t_perp=0.100 
-2.080702995759874625e+02
-2.080702472607098059e+02
-2.080702472607064522e+02
-2.053897349558919245e+02
-2.053860719389064684e+02
-2.053860719389045641e+02
-2.053774782079135832e+02
-2.053697776507223693e+02
-2.053697776507222841e+02
-2.052731541148587837e+02
-2.052731541148581300e+02
-2.052704693943610437e+02
-2.052656310959997938e+02
-2.052656310959996802e+02
-2.052368939346390562e+02
-2.050077071071062846e+02
-2.049663400327064267e+02
-2.049663400327052329e+02
-2.049168736156055388e+02
-2.049168736156046293e+02
-2.049011450026747525e+02
-2.047908581459504660e+02
-2.047631347817771825e+02
-2.047631347817768983e+02
-2.047025879090278977e+02
-2.047025879090278693e+02
-2.046702903543213665e+02
-2.027967330706001405e+02
-2.027967330705998847e+02
-2.027820482661215920e+02
-2.027356192969041331e+02
-2.026670461550174309e+02
-2.026670461550158393e+02
-2.025602639896583241e+02
-2.025602639896576704e+02
-2.025484835365232357e+02
-2.024853398604707877e+02
-2.024824447827817266e+02
-2.024824447827806466e+02
-2.024108745201333477e+02

N=6, t_perp=0.100 
-2.100830893255849787e+02
-2.100827305329708565e+02
-2.100827305329645753e+02
-2.073900560048446380e+02
-2.073868730215857852e+02
-2.073868730215848757e+02
-2.073716071468842017e+02
-2.073716071468833775e+02
-2.073641692259508886e+02
-2.073279192898019687e+02
-2.073279192898006045e+02
-2.073277134768631242e+02
-2.073277134768630106e+02
-2.073274112537041276e+02
-2.073221964449617758e+02
-2.071503176463926650e+02
-2.071285952783823348e+02
-2.071285952783818800e+02
-2.070881471196751704e+02
-2.070881471196748009e+02
-2.070665317410159787e+02
-2.069698054282007149e+02
-2.069519173710329767e+02
-2.069519173710323798e+02
-2.069226187223778766e+02
-2.069226187223772797e+02
-2.069084526519781377e+02
-2.067704484621447136e+02
-2.067521071929039067e+02
-2.067521071929029688e+02
-2.067215953722133577e+02
-2.067215953722119650e+02
-2.067083419562414122e+02
-2.048389000497521693e+02
-2.048389000497497818e+02
-2.048240054040877283e+02
-2.047878108131963018e+02
-2.047613997584549281e+02
-2.047613997584537344e+02
-2.046327438548398163e+02

N=7, t_perp=0.100 
-2.120954950406380135e+02
-2.120954080691237778e+02
-2.120954080691206514e+02
-2.094005587157671471e+02
-2.093969643761174382e+02
-2.093969643761166992e+02
-2.093846759479281161e+02
-2.093846759479276614e+02
-2.093739600836344152e+02
-2.093553976263557388e+02
-2.093499751901621266e+02
-2.093499751901616719e+02
-2.093475290382164076e+02
-2.093471347111767216e+02
-2.093471347111761531e+02
-2.092335624542550363e+02
-2.092217634816630607e+02
-2.092217634816629186e+02
-2.091944467505431362e+02
-2.091944467505429941e+02
-2.091774677141134475e+02
-2.090769564206512428e+02
-2.090624717323661912e+02
-2.090624717323657080e+02
-2.090363192955380214e+02
-2.090363192955373677e+02
-2.090196334110708278e+02
-2.089709642673829251e+02
-2.089515717142308517e+02
-2.089515717142308517e+02
-2.089229885951117751e+02
-2.089229885951116614e+02
-2.089097090412914213e+02
-2.087672628886560062e+02
-2.087568952500145087e+02
-2.087568952500140540e+02
-2.087386778489390622e+02
-2.087386778489379822e+02
-2.087303983015212054e+02
-2.068560075338492084e+02

N=8, t_perp=0.100 
-2.141080273004763228e+02
-2.141080224271790087e+02
-2.141080224271730117e+02
-2.114093129672936584e+02
-2.114057502206835295e+02
-2.114057502206828758e+02
-2.113962536475266063e+02
-2.113962536475259810e+02
-2.113873899402643417e+02
-2.113793972217691248e+02
-2.113721895961355983e+02
-2.113721895961355131e+02
-2.113660451266238738e+02
-2.113660451266228790e+02
-2.113641305879574190e+02
-2.112741354907822426e+02
-2.112674957402300322e+02
-2.112674957402291795e+02
-2.112511134759311062e+02
-2.112511134759307367e+02
-2.112400301686131172e+02
-2.111669356398092816e+02
-2.111548282313274001e+02
-2.111548282313272864e+02
-2.111346616875635220e+02
-2.111346616875631526e+02
-2.111246283802615551e+02
-2.110517918233848604e+02
-2.110404173970303816e+02
-2.110404173970303532e+02
-2.110158403085458474e+02
-2.110158403085454779e+02
-2.109951804450718384e+02
-2.109697798356631608e+02
-2.109491610668639510e+02
-2.109491610668630415e+02
-2.109258999295143440e+02
-2.109258999295137755e+02
-2.109164620694478174e+02
-2.107698174777511611e+02

N=9, t_perp=0.100 
-2.161206132531338540e+02
-2.161206099438043680e+02
-2.161206099437984562e+02
-2.134186067951582118e+02
-2.134159043297864287e+02
-2.134159043297850928e+02
-2.134085287123278079e+02
-2.134085287123276089e+02
-2.133994248271199012e+02
-2.133981443059535650e+02
-2.133897780917544367e+02
-2.133897780917542377e+02
-2.133837966858211814e+02
-2.133837966858208972e+02
-2.133817431648217848e+02
-2.133044601089278274e+02
-2.133000909261578215e+02
-2.133000909261562015e+02
-2.132897062235033729e+02
-2.132897062235030035e+02
-2.132830383300502888e+02
-2.132215135403733370e+02
-2.132124295091892066e+02
-2.132124295091887518e+02
-2.131955458145622231e+02
-2.131955458145618252e+02
-2.131863664794232136e+02
-2.131318263313357591e+02
-2.131234552605979218e+02
-2.131234552605975239e+02
-2.131079727606419283e+02
-2.131079727606416441e+02
-2.130992099211065636e+02
-2.130397699279585026e+02
-2.130280986047213503e+02
-2.130280986047211513e+02
-2.130038192396303032e+02
-2.130038192396295926e+02
-2.129805016874094576e+02
-2.129717038222378847e+02

N=10, t_perp=0.100 
-2.181331987482639079e+02
-2.181331976898139544e+02
-2.181331976898133576e+02
-2.154291850395161418e+02
-2.154271318840889649e+02
-2.154271318840862079e+02
-2.154215547694780355e+02
-2.154215547694778650e+02
-2.154161930856810443e+02
-2.154094093678885145e+02
-2.154042999363275896e+02
-2.154042999363266802e+02
-2.153993012389780688e+02
-2.153993012389780404e+02
-2.153975683858376158e+02
-2.153311562895841860e+02
-2.153282358527490601e+02
-2.153282358527473548e+02
-2.153213094067222073e+02
-2.153213094067214115e+02
-2.153170119283746828e+02
-2.152587847642408860e+02
-2.152520065697210896e+02
-2.152520065697209191e+02
-2.152384210044046142e+02
-2.152384210044039889e+02
-2.152305089532273144e+02
-2.151892206157727401e+02
-2.151819991173034907e+02
-2.151819991173030076e+02
-2.151696489078330501e+02
-2.151696489078323111e+02
-2.151632584642251516e+02
-2.151131414920899374e+02
-2.151055757028784683e+02
-2.151055757028778430e+02
-2.150901854550470773e+02
-2.150901854550467078e+02
-2.150805555752685905e+02
-2.150332798941192038e+02

N=11, t_perp=0.100 
-2.201457851094048408e+02
-2.201457850028653809e+02
-2.201457850028641872e+02
-2.174403434555588319e+02
-2.174387674236124610e+02
-2.174387674236099599e+02
-2.174346516199637165e+02
-2.174346516199625228e+02
-2.174313544438145698e+02
-2.174212612696185829e+02
-2.174178849303800689e+02
-2.174178849303799268e+02
-2.174136830805159946e+02
-2.174136830805149998e+02
-2.174120993605795036e+02
-2.173546119305090656e+02
-2.173526857071805694e+02
-2.173526857071791198e+02
-2.173481190467481952e+02
-2.173481190467474562e+02
-2.173453311770551011e+02
-2.172900185579504466e+02
-2.172846889618695627e+02
-2.172846889618693638e+02
-2.172736285028220493e+02
-2.172736285028216798e+02
-2.172671151989631539e+02
-2.172295120026739426e+02
-2.172233019624535473e+02
-2.172233019624524104e+02
-2.172124156492010059e+02
-2.172124156492005227e+02
-2.172066178005382540e+02
-2.171712489343998698e+02
-2.171654777605862705e+02
-2.171654777605845084e+02
-2.171547749796804112e+02
-2.171547749796801554e+02
-2.171488791855741738e+02
-2.171008038150808943e+02

N=12, t_perp=0.100 
-2.221583720565275826e+02
-2.221583720229284324e+02
-2.221583720229278924e+02
-2.194518545420079647e+02
-2.194506734099515484e+02
-2.194506734099473420e+02
-2.194477210125299109e+02
-2.194477210125293425e+02
-2.194456517810948810e+02
-2.194332044155163999e+02
-2.194309028391200513e+02
-2.194309028391172092e+02
-2.194275198974920045e+02
-2.194275198974912087e+02
-2.194261414149945608e+02
-2.193755809601022122e+02
-2.193743195528620333e+02
-2.193743195528619481e+02
-2.193713731214677694e+02
-2.193713731214676841e+02
-2.193696168026221471e+02
-2.193180214551015297e+02
-2.193138046693283059e+02
-2.193138046693278511e+02
-2.193048139001479342e+02
-2.193048139001467973e+02
-2.192995219774857674e+02
-2.192618500313476204e+02
-2.192564323407681002e+02
-2.192564323407676738e+02
-2.192465435950166750e+02
-2.192465435950161350e+02
-2.192410946346814740e+02
-2.192133439088454736e+02
-2.192083962988558881e+02
-2.192083962988556323e+02
-2.191997156908194313e+02
-2.191997156908181807e+02
-2.191951004334207198e+02
-2.191593803570367243e+02

