N=5, t_perp=0.100 
-2.093285574073445616e+02
-2.093285574073431405e+02
-2.092323636751441143e+02
-2.083293859525299752e+02
-2.081535066718951725e+02
-2.081535066718930693e+02
-2.074255464971519700e+02
-2.074217211998358152e+02
-2.074217211998351331e+02
-2.072638104864005015e+02
-2.072638104863996773e+02
-2.072175675975328772e+02
-2.071002180447044339e+02
-2.071002180447034675e+02
-2.070638615442608739e+02
-2.058788069937321552e+02
-2.058682185889918230e+02
-2.058627822411639841e+02
-2.058627822411620230e+02
-2.055095430006914228e+02
-2.055095430006912238e+02
-2.054023784505258732e+02
-2.054023784505254184e+02
-2.053855595165270813e+02
-2.052259096575437525e+02
-2.052259096575435819e+02
-2.051814090756378448e+02
-2.051766709395742510e+02
-2.051766709395737678e+02
-2.051488281775494613e+02
-2.049375287348238146e+02
-2.049095159079206496e+02
-2.049095159079203654e+02
-2.049076509937440846e+02
-2.049076509937439141e+02
-2.047657309801776080e+02
-2.044251843605005945e+02
-2.044251843604999976e+02
-2.042992184649494050e+02
-2.042992184649492913e+02

N=6, t_perp=0.100 
-2.117056777393626419e+02
-2.113202807058879955e+02
-2.113202807058849544e+02
-2.109458613290689755e+02
-2.109458613290646838e+02
-2.099417416181626663e+02
-2.099082078968031340e+02
-2.098690420836947794e+02
-2.098450410315824115e+02
-2.098450410315817578e+02
-2.095699330666146807e+02
-2.095699330666136575e+02
-2.095579056570144019e+02
-2.095579056570143166e+02
-2.095567869054824541e+02
-2.092753978960544430e+02
-2.092665243753169193e+02
-2.092665243753164077e+02
-2.085827278331338164e+02
-2.085827278331336174e+02
-2.084459909787981644e+02
-2.084218286141069427e+02
-2.084218286141068575e+02
-2.082877723167144950e+02
-2.082815253967139881e+02
-2.082206508166050867e+02
-2.080865584149420329e+02
-2.080865584149411802e+02
-2.078737558671479349e+02
-2.078737558671473096e+02
-2.078413505439945368e+02
-2.077599931345576749e+02
-2.077599931345560265e+02
-2.077162848938869217e+02
-2.077162848938855007e+02
-2.077145652374120743e+02
-2.076068506699570264e+02
-2.075818599558691062e+02
-2.075818599558685662e+02
-2.075562038560188398e+02

N=7, t_perp=0.100 
-2.138273092581407582e+02
-2.136710294886030397e+02
-2.136710294886005386e+02
-2.130790320098133748e+02
-2.130790320098020914e+02
-2.126844767489140224e+02
-2.123699856363832055e+02
-2.122792627443738809e+02
-2.122792627443719482e+02
-2.120992547345409207e+02
-2.120085910156367106e+02
-2.120085910156346642e+02
-2.119348017634379744e+02
-2.119348017634364680e+02
-2.119254152052513405e+02
-2.117301160250194982e+02
-2.117301160250194130e+02
-2.115563530646402057e+02
-2.113603311481948026e+02
-2.112187529177118108e+02
-2.112187529177104466e+02
-2.111811234600540104e+02
-2.111127683467031488e+02
-2.111127683467025804e+02
-2.110582280988107584e+02
-2.109430413151297614e+02
-2.109430413151295340e+02
-2.107510325256161536e+02
-2.107510325256148462e+02
-2.107103078837355667e+02
-2.105451792262444428e+02
-2.105451792262439028e+02
-2.105361875875242390e+02
-2.105142162053038533e+02
-2.104784685148769086e+02
-2.104784685148767664e+02
-2.103700165538410545e+02
-2.103019440297361768e+02
-2.103019440297358074e+02
-2.102423812367345590e+02

N=8, t_perp=0.100 
-2.159721593420717056e+02
-2.159721593420683803e+02
-2.159179258836322219e+02
-2.153042938478126302e+02
-2.152007815860186213e+02
-2.152007815860122548e+02
-2.146757401955589728e+02
-2.145921510838357165e+02
-2.145921510838321637e+02
-2.145613404104793176e+02
-2.145613404104790334e+02
-2.143910588674690700e+02
-2.143898289288970886e+02
-2.143781717012924730e+02
-2.143781717012886645e+02
-2.140075754640631942e+02
-2.139000293168227529e+02
-2.139000293168211044e+02
-2.137580482329673544e+02
-2.137580482329662175e+02
-2.137028563118905993e+02
-2.135788642326880904e+02
-2.135788642326874083e+02
-2.134841017177316473e+02
-2.134772968641360933e+02
-2.134620580970527328e+02
-2.134620580970518517e+02
-2.133845549901558343e+02
-2.133806153717374627e+02
-2.133413916006907414e+02
-2.133413916006905140e+02
-2.132653944367253018e+02
-2.132653944367249608e+02
-2.131255578491652329e+02
-2.131255578491648635e+02
-2.131081193052995388e+02
-2.129395250661119405e+02
-2.129395250661115142e+02
-2.129392235333059773e+02
-2.129203402214796199e+02

N=9, t_perp=0.100 
-2.182768832466332753e+02
-2.180878163555508138e+02
-2.180878163555400988e+02
-2.176836152457188120e+02
-2.176836152457076992e+02
-2.171222114511984103e+02
-2.170138905516207615e+02
-2.169486269274446499e+02
-2.169486269274441668e+02
-2.169115701524687552e+02
-2.167477132867616092e+02
-2.167393091252906743e+02
-2.167393091252894237e+02
-2.167372408465330409e+02
-2.167372408465314493e+02
-2.165211800613292041e+02
-2.164834508227545768e+02
-2.164834508227543779e+02
-2.160524540462889433e+02
-2.160524540462874938e+02
-2.160041119063149893e+02
-2.159458092111174778e+02
-2.159247834542193232e+02
-2.159247834542188968e+02
-2.158885737810478815e+02
-2.158635693488992331e+02
-2.158635693488988636e+02
-2.158496034249413356e+02
-2.158033906377501410e+02
-2.157852992879640794e+02
-2.157852992879625731e+02
-2.157635585749280835e+02
-2.157635585749268046e+02
-2.156074204303392321e+02
-2.155693569260989477e+02
-2.155693569260980951e+02
-2.155205530982950393e+02
-2.155205530982940161e+02
-2.154936956447035072e+02
-2.154110542098885901e+02

N=10, t_perp=0.100 
-2.204607395150299283e+02
-2.203448143968439581e+02
-2.203448143968366253e+02
-2.198801910554976189e+02
-2.198801910554828112e+02
-2.195382096855533689e+02
-2.193310316438775089e+02
-2.192632182786843771e+02
-2.192632182786821886e+02
-2.191611450646558126e+02
-2.190760944388064502e+02
-2.190760944388028975e+02
-2.190631417264005165e+02
-2.190519230372685797e+02
-2.190519230372673292e+02
-2.188317359936289961e+02
-2.188317359936274613e+02
-2.188149740766239688e+02
-2.184870193139593368e+02
-2.184870193139511798e+02
-2.184726255164779332e+02
-2.183546820892624396e+02
-2.183197009171990999e+02
-2.183129625019941216e+02
-2.183129625019918194e+02
-2.182489458456795717e+02
-2.182489458456790317e+02
-2.181504750095206759e+02
-2.181071280465103825e+02
-2.180945504996446402e+02
-2.180945504996443844e+02
-2.180790429208249748e+02
-2.180790429208249463e+02
-2.180238315238513280e+02
-2.180238315238510154e+02
-2.180044828607474017e+02
-2.180044828607453553e+02
-2.179737432173113234e+02
-2.179522346345084429e+02
-2.178429973652325771e+02

N=11, t_perp=0.100 
-2.226202132992898441e+02
-2.226202132992874567e+02
-2.225963012870949456e+02
-2.220495689677906341e+02
-2.220038775658222221e+02
-2.220038775658147756e+02
-2.216046870448893173e+02
-2.215211766064453514e+02
-2.215211766064427081e+02
-2.215056361031874985e+02
-2.215056361031857932e+02
-2.213963152916992669e+02
-2.213628584333464175e+02
-2.213628584333435754e+02
-2.213385437498803583e+02
-2.211060537002580304e+02
-2.209988103758821012e+02
-2.209988103758797422e+02
-2.209516580428139036e+02
-2.209516580428120278e+02
-2.208892433902324512e+02
-2.206820892718724849e+02
-2.206724534820656629e+02
-2.206724534820607460e+02
-2.206613159328781819e+02
-2.206380870791988968e+02
-2.206380870791983568e+02
-2.205307015677324500e+02
-2.205307015677308016e+02
-2.205185621509268117e+02
-2.204821041320879260e+02
-2.204821041320874997e+02
-2.204697215727956916e+02
-2.203828264329915214e+02
-2.203828264329893329e+02
-2.203736024341469317e+02
-2.202580768391981110e+02
-2.202388279112694534e+02
-2.202370951148493248e+02
-2.202370951148475626e+02

N=12, t_perp=0.100 
-2.248883633841891196e+02
-2.247950333165328800e+02
-2.247950333165265704e+02
-2.243513395954264524e+02
-2.243513395954114173e+02
-2.240276970441728395e+02
-2.238843645219719178e+02
-2.238303320573012911e+02
-2.238303320572996142e+02
-2.237668047421113329e+02
-2.236949550082139524e+02
-2.236765255457445676e+02
-2.236765255457378885e+02
-2.236729298652369664e+02
-2.236729298652354032e+02
-2.234864476248764618e+02
-2.234484718162424599e+02
-2.234484718162370882e+02
-2.231709731757357531e+02
-2.231709731757297561e+02
-2.231241534188442017e+02
-2.230287209494740921e+02
-2.230177944797913199e+02
-2.230177944797902114e+02
-2.229933631772227045e+02
-2.229515140242870643e+02
-2.229515140242866664e+02
-2.229241946708528133e+02
-2.228743546713540695e+02
-2.228620906837887503e+02
-2.228620906837870734e+02
-2.228589924744318296e+02
-2.228589924744308064e+02
-2.227591938250930639e+02
-2.227359564951002540e+02
-2.227359564950989181e+02
-2.226359282439398442e+02
-2.226359282439387925e+02
-2.226156815623147338e+02
-2.225951566095247074e+02

