N=5, t_perp=0.100 
-2.090818809768228732e+02
-2.090818809768228164e+02
-2.089302174139006638e+02
-2.079740943890243443e+02
-2.077310412980346257e+02
-2.077310412980314425e+02
-2.073932830341704232e+02
-2.073932830341683200e+02
-2.071578060396605849e+02
-2.071109910761172728e+02
-2.070362092456327332e+02
-2.070057275898597595e+02
-2.070057275898591342e+02
-2.069776739654391520e+02
-2.069776739654389246e+02
-2.065628827202872628e+02
-2.063022341867533953e+02
-2.063022341867526279e+02
-2.060361576618059019e+02
-2.059505567565510944e+02
-2.059373139458802768e+02
-2.059373139458802484e+02
-2.057181708670733826e+02
-2.057181708670733542e+02
-2.054953430180890450e+02
-2.054433648947335485e+02
-2.054433648947328095e+02
-2.054097256695365274e+02
-2.054097256695354190e+02
-2.052035575581660680e+02
-2.050823875757342591e+02
-2.050823875757335770e+02
-2.047265046149075829e+02
-2.047265046149071850e+02
-2.046320855892934674e+02
-2.046192224831803230e+02
-2.046192224831796693e+02
-2.045340801253445591e+02
-2.044536846217024788e+02
-2.042580798531753601e+02

N=6, t_perp=0.100 
-2.113616318575143396e+02
-2.110894575593041793e+02
-2.110894575593031277e+02
-2.103020714125019595e+02
-2.103020714124960477e+02
-2.096881915693967926e+02
-2.096431353058209197e+02
-2.095473277283762457e+02
-2.095473277283749383e+02
-2.095421064190008735e+02
-2.095421064190003904e+02
-2.095349813023845797e+02
-2.093584971278524165e+02
-2.093256363933259081e+02
-2.093256363933251123e+02
-2.090190997826070998e+02
-2.090190997826062471e+02
-2.089031653231591008e+02
-2.085898018051713620e+02
-2.085898018051710210e+02
-2.085713847764736215e+02
-2.084028126166341224e+02
-2.084028126166340371e+02
-2.083962789348545925e+02
-2.081941503368603321e+02
-2.081941503368595647e+02
-2.081604885013801720e+02
-2.081570514377699226e+02
-2.081041099198517088e+02
-2.081041099198515667e+02
-2.080179718272651712e+02
-2.080179718272640059e+02
-2.078958983877981552e+02
-2.078707921894591664e+02
-2.078238087922148907e+02
-2.078238087922139528e+02
-2.077557241428898749e+02
-2.077557241428889938e+02
-2.076920977072194319e+02
-2.075246604199458034e+02

N=7, t_perp=0.100 
-2.134538614094769002e+02
-2.133359815137481803e+02
-2.133359815137463045e+02
-2.124458837794196882e+02
-2.124458837794121848e+02
-2.120678111283982332e+02
-2.120384529594465448e+02
-2.118352739918948657e+02
-2.118352739918923646e+02
-2.117149721451544906e+02
-2.116786700957233052e+02
-2.116786700957230209e+02
-2.116363532835173089e+02
-2.116363532835170247e+02
-2.115622478012339229e+02
-2.114915772385733419e+02
-2.114915772385711534e+02
-2.113481152930623352e+02
-2.111269896185893060e+02
-2.110636049945956927e+02
-2.110436498095288869e+02
-2.110436498095286311e+02
-2.109453891152326150e+02
-2.109453891152325582e+02
-2.108137685148912510e+02
-2.108137685148906257e+02
-2.107677789694714079e+02
-2.106190711810966718e+02
-2.105949364084131901e+02
-2.105949364084117690e+02
-2.105369565815081216e+02
-2.105369565815080932e+02
-2.104692817515943659e+02
-2.104527076062991569e+02
-2.104527076062971958e+02
-2.103810081872270246e+02
-2.102091995441633685e+02
-2.101706515446852279e+02
-2.101632401462047142e+02
-2.101620948626609788e+02

N=8, t_perp=0.100 
-2.155773997858323412e+02
-2.155773997858292432e+02
-2.155187819578780477e+02
-2.145876697849926984e+02
-2.144756051153313194e+02
-2.144756051153271699e+02
-2.141670105306880885e+02
-2.141670105306827168e+02
-2.141336178543014626e+02
-2.140281135783356206e+02
-2.140281135783355921e+02
-2.139912272295561309e+02
-2.139243788425832804e+02
-2.139243788425816604e+02
-2.139038608215481645e+02
-2.136190379894195814e+02
-2.135791944464708081e+02
-2.135791944464695007e+02
-2.135633639271408128e+02
-2.135303330806802933e+02
-2.135303330806797533e+02
-2.133517617198006917e+02
-2.133517617198005212e+02
-2.132962984352887474e+02
-2.132102563375447914e+02
-2.131692696171831471e+02
-2.130989661798603549e+02
-2.130989661798592465e+02
-2.130331698886238883e+02
-2.130034749226877011e+02
-2.130034749226864790e+02
-2.129549461257546454e+02
-2.129519774801412666e+02
-2.129519774801409255e+02
-2.128419497869993222e+02
-2.128419497869977306e+02
-2.128042512864272453e+02
-2.128042512864267621e+02
-2.127243264464776473e+02
-2.127171506221501716e+02

N=9, t_perp=0.100 
-2.177886262327099871e+02
-2.177070475101796490e+02
-2.177070475101775457e+02
-2.167832285100670049e+02
-2.167832285100607237e+02
-2.164395847266267197e+02
-2.164246241364300261e+02
-2.163685578336005051e+02
-2.163453636505165889e+02
-2.163453636505145710e+02
-2.162627036568186725e+02
-2.162627036568175640e+02
-2.162330874765717397e+02
-2.162009990954019827e+02
-2.162009990953983731e+02
-2.159237285900822485e+02
-2.159237285900779568e+02
-2.158779934813098578e+02
-2.157160043288958775e+02
-2.157160043288943427e+02
-2.156766135654377763e+02
-2.156766135654370942e+02
-2.156358912489351667e+02
-2.156267480116377726e+02
-2.155933641332769923e+02
-2.155566771954810577e+02
-2.155566771954799208e+02
-2.154272525014062296e+02
-2.153775213210667232e+02
-2.153775213210636537e+02
-2.153353974488447591e+02
-2.153353974488414053e+02
-2.152986250011338711e+02
-2.152500755220257247e+02
-2.152500755220256679e+02
-2.152327330809700641e+02
-2.151631331847442539e+02
-2.151533092251245876e+02
-2.151533092251231380e+02
-2.151522594781086184e+02

N=10, t_perp=0.100 
-2.199507537143372247e+02
-2.198969320280657769e+02
-2.198969320280652084e+02
-2.189402650429479138e+02
-2.189402650429331345e+02
-2.186980998410508903e+02
-2.186539919151155402e+02
-2.185626397401562144e+02
-2.185626397401545660e+02
-2.185232669478309617e+02
-2.184779757139600349e+02
-2.184779757139596654e+02
-2.184281523088955055e+02
-2.184226920697361720e+02
-2.184226920697345804e+02
-2.182799910513714678e+02
-2.182799910513707005e+02
-2.182592683312850568e+02
-2.179792528577397377e+02
-2.179792528577319786e+02
-2.179314842219088177e+02
-2.178731089498365634e+02
-2.178274482295573478e+02
-2.178274482295573478e+02
-2.177985951033371350e+02
-2.177985951033367371e+02
-2.177938830694694730e+02
-2.177938830694690182e+02
-2.177715988255211812e+02
-2.176996445935843667e+02
-2.176996445935839404e+02
-2.176965070968734608e+02
-2.176805758129583239e+02
-2.175759541694948496e+02
-2.175725898389048893e+02
-2.175725898389038377e+02
-2.175464494321535653e+02
-2.174500734368746180e+02
-2.174500734368729127e+02
-2.174406975962799891e+02

N=11, t_perp=0.100 
-2.221018249636933888e+02
-2.221018249636929056e+02
-2.220836061699212394e+02
-2.210561381267874594e+02
-2.210219048613039661e+02
-2.210219048612996744e+02
-2.208370099932573112e+02
-2.208153540495232789e+02
-2.208153540495230800e+02
-2.207433256955004879e+02
-2.207433256955000616e+02
-2.207170719113898087e+02
-2.206400274369859744e+02
-2.206400274369839281e+02
-2.205967241704785238e+02
-2.204521369585480670e+02
-2.203852596911503952e+02
-2.203852596911476098e+02
-2.203683213945614625e+02
-2.203683213945592172e+02
-2.203675728266908038e+02
-2.201451742769554869e+02
-2.201451742769536111e+02
-2.201245527519578502e+02
-2.200738292179722180e+02
-2.199895821612289240e+02
-2.199895821612286682e+02
-2.199745870038805435e+02
-2.199745870038794067e+02
-2.199600436665396614e+02
-2.199543439638493680e+02
-2.199134114949658567e+02
-2.199134114949654588e+02
-2.198890115286853302e+02
-2.198890115286851881e+02
-2.198538298146240493e+02
-2.198416434620602047e+02
-2.198416434620578173e+02
-2.197993678703840317e+02
-2.197466390718008995e+02

N=12, t_perp=0.100 
-2.242899420242275710e+02
-2.242684563488580238e+02
-2.242684563488546985e+02
-2.232373374667407973e+02
-2.232373374667271548e+02
-2.230614103042247791e+02
-2.230607581620805604e+02
-2.230037326290090220e+02
-2.230037326290062083e+02
-2.229717872886842827e+02
-2.229325188164490612e+02
-2.229076987749053842e+02
-2.229076987749028831e+02
-2.228994782539631387e+02
-2.228994782539581081e+02
-2.226557655204095170e+02
-2.226557655203992852e+02
-2.226439169015476978e+02
-2.225388724779342340e+02
-2.225388724779327276e+02
-2.224713149422038327e+02
-2.224303055381474508e+02
-2.224303055381466834e+02
-2.223976088633279176e+02
-2.223835113795692280e+02
-2.223693624394257995e+02
-2.223693624394250037e+02
-2.222566153022845015e+02
-2.222235560274970112e+02
-2.222204677687894048e+02
-2.222204677687882111e+02
-2.221932710560840007e+02
-2.221932710560816702e+02
-2.220758252864420399e+02
-2.220758252864406757e+02
-2.220624740019204921e+02
-2.220226955591515150e+02
-2.220180838813270725e+02
-2.220180838813270157e+02
-2.219968167190454551e+02

