N=5, t_perp=0.100 
-2.088159611991065390e+02
-2.088159611991056579e+02
-2.087569120974804946e+02
-2.075650442274148872e+02
-2.074393894039167208e+02
-2.074393894039152713e+02
-2.068965543114050263e+02
-2.068888294435778050e+02
-2.068888294435769808e+02
-2.067335436529313313e+02
-2.067335436529303365e+02
-2.066841946885676009e+02
-2.065974751185316052e+02
-2.065974751185306957e+02
-2.065716320551682657e+02
-2.055262192394910130e+02
-2.055183936162176224e+02
-2.054737803667808294e+02
-2.054737803667804030e+02
-2.052038056113615596e+02
-2.052038056113611901e+02
-2.050734276379269829e+02
-2.050734276379265850e+02
-2.050131240287781793e+02
-2.049735676746445563e+02
-2.049735676746443005e+02
-2.049372174699483367e+02
-2.048807789012806211e+02
-2.048807789012790295e+02
-2.047745980371729786e+02
-2.045533298283006616e+02
-2.045533298282997805e+02
-2.045304122968067304e+02
-2.044034536337481711e+02
-2.043759243433759138e+02
-2.043759243433756865e+02
-2.040295559393606197e+02
-2.040295559393589713e+02
-2.039183877078824878e+02
-2.039183877078816636e+02

N=6, t_perp=0.100 
-2.110325538109091781e+02
-2.108701926200027117e+02
-2.108701926200009780e+02
-2.098526509187930742e+02
-2.098526509187857130e+02
-2.092369243976754944e+02
-2.091607167092801944e+02
-2.091587266513161580e+02
-2.091447043659982796e+02
-2.091447043659978533e+02
-2.089194040030878909e+02
-2.089194040030865551e+02
-2.089167548343370697e+02
-2.089136235383873270e+02
-2.089136235383872986e+02
-2.086236845315326036e+02
-2.086022171987397371e+02
-2.086022171987393108e+02
-2.081176455896683137e+02
-2.081176455896645336e+02
-2.078422153411128193e+02
-2.078216084050250458e+02
-2.076833821634339472e+02
-2.076833821634325830e+02
-2.076614867149478414e+02
-2.076135845533228519e+02
-2.075026049112081807e+02
-2.075026049112078681e+02
-2.074661465257674138e+02
-2.074661465257665611e+02
-2.073334852070944692e+02
-2.073139821944148764e+02
-2.073139821944146775e+02
-2.073118988330163859e+02
-2.073118988330158174e+02
-2.071071770798363616e+02
-2.070864953207064616e+02
-2.070770249043108890e+02
-2.069173107788653851e+02
-2.069173107788646746e+02

N=7, t_perp=0.100 
-2.131136758670821507e+02
-2.130536898906987062e+02
-2.130536898906982799e+02
-2.119045425106427274e+02
-2.119045425106384926e+02
-2.116221891774665664e+02
-2.115077368505397715e+02
-2.114164434340945036e+02
-2.114164434340944752e+02
-2.112653659889974165e+02
-2.111879723320483038e+02
-2.111879723320481332e+02
-2.111473216033261053e+02
-2.111458097560244767e+02
-2.111458097560244198e+02
-2.109406408158431816e+02
-2.109406408158419310e+02
-2.108676184816612533e+02
-2.105889221114190946e+02
-2.105827042530516735e+02
-2.105827042530503093e+02
-2.104207699742165971e+02
-2.103785120670572724e+02
-2.103785120670559365e+02
-2.102340343047181648e+02
-2.102150868872792557e+02
-2.102150868872789999e+02
-2.100747588476889973e+02
-2.100015993787945376e+02
-2.100015993787930029e+02
-2.098160448891310921e+02
-2.097529694089732573e+02
-2.097529694089728594e+02
-2.097327828375626382e+02
-2.097212951462202568e+02
-2.097212951462192621e+02
-2.096032893445451464e+02
-2.096032893445450895e+02
-2.095303684309044172e+02
-2.095168329661904920e+02

N=8, t_perp=0.100 
-2.152229807034027260e+02
-2.152229807034018449e+02
-2.152084480413338099e+02
-2.139645169151988853e+02
-2.139233744610520489e+02
-2.139233744610482404e+02
-2.136717666912070115e+02
-2.135972349924784908e+02
-2.135972349924766149e+02
-2.135605881565941786e+02
-2.135605881565925870e+02
-2.134503339621316798e+02
-2.134203457766049894e+02
-2.134203457766037104e+02
-2.134124746518853613e+02
-2.130862481739500254e+02
-2.130142846041361224e+02
-2.130142846041359235e+02
-2.129702834053511822e+02
-2.129702834053505285e+02
-2.129316898008344481e+02
-2.127206874625118189e+02
-2.127206874625116484e+02
-2.126582455016269648e+02
-2.126004067930458064e+02
-2.125976060919433337e+02
-2.125706793040100138e+02
-2.125706793040078253e+02
-2.124625135383986674e+02
-2.124625135383984684e+02
-2.124587049841211694e+02
-2.124587049841211410e+02
-2.123817365323126864e+02
-2.122945272402731973e+02
-2.122945272402721457e+02
-2.122823064558137105e+02
-2.121395506603945762e+02
-2.120388980814243780e+02
-2.120388980814238096e+02
-2.119286337030001448e+02

N=9, t_perp=0.100 
-2.173856461774412310e+02
-2.173492266069031018e+02
-2.173492266069008281e+02
-2.161291785032647397e+02
-2.161291785032535415e+02
-2.158656581465200759e+02
-2.158216244253244156e+02
-2.158056314329287204e+02
-2.158056314329267309e+02
-2.157615911222340230e+02
-2.156735974364322033e+02
-2.156531202423393836e+02
-2.156531202423382751e+02
-2.156482736215302509e+02
-2.156482736215302225e+02
-2.154220863446785472e+02
-2.153805258552978898e+02
-2.153805258552954456e+02
-2.151454376422686323e+02
-2.151454376422662733e+02
-2.150564339197978256e+02
-2.149669282244913973e+02
-2.149669282244898056e+02
-2.149526128769045101e+02
-2.149300843596429615e+02
-2.149000091799021277e+02
-2.149000091799017582e+02
-2.148386795076733335e+02
-2.148386795076726798e+02
-2.148321440487117684e+02
-2.148098235467845996e+02
-2.147614854674591243e+02
-2.147614854674577600e+02
-2.146156929848357322e+02
-2.146156929848343680e+02
-2.146138684489159800e+02
-2.145510160132038493e+02
-2.145309188946946790e+02
-2.145309188946937979e+02
-2.144496148981534134e+02

N=10, t_perp=0.100 
-2.195186869234333358e+02
-2.194996083755146401e+02
-2.194996083755144980e+02
-2.182244842514123491e+02
-2.182244842514009804e+02
-2.180483392392782491e+02
-2.180147496023502640e+02
-2.179851064151811215e+02
-2.179851064151780520e+02
-2.178983096035221081e+02
-2.178606576786035305e+02
-2.178378704730782829e+02
-2.178378704730770323e+02
-2.178356975589462365e+02
-2.178356975589452134e+02
-2.176514649554180210e+02
-2.176194424100293361e+02
-2.176194424100270624e+02
-2.174075033843352003e+02
-2.174075033843316476e+02
-2.173092020643907745e+02
-2.171821429987801366e+02
-2.171724465654399978e+02
-2.171724465654386620e+02
-2.171671660347058719e+02
-2.171148824971959073e+02
-2.171148824971955378e+02
-2.171088431207654139e+02
-2.171088431207649592e+02
-2.170946290963980516e+02
-2.170682417738566699e+02
-2.170682417738561867e+02
-2.170286848080004347e+02
-2.170201190491815453e+02
-2.169587400263558550e+02
-2.169587400263549455e+02
-2.167926483908707382e+02
-2.167739482861460942e+02
-2.167739482861458100e+02
-2.167620937896732869e+02

N=11, t_perp=0.100 
-2.216514453284242450e+02
-2.216514453284135584e+02
-2.216487362418772591e+02
-2.202899990598762088e+02
-2.202899990598744466e+02
-2.202814695835849363e+02
-2.201971726721437506e+02
-2.201328637858899242e+02
-2.201328637858879347e+02
-2.200997507678948750e+02
-2.200997507678926297e+02
-2.200613301600808995e+02
-2.200076507796041483e+02
-2.200076507796006808e+02
-2.199819588704510807e+02
-2.197529164278631129e+02
-2.197084693173227663e+02
-2.197084693173203505e+02
-2.197065276530279618e+02
-2.197065276530254607e+02
-2.196858083677395541e+02
-2.194418322886649833e+02
-2.194418322886645001e+02
-2.194318140398041237e+02
-2.193655742516781970e+02
-2.193536627529981331e+02
-2.193536627529950351e+02
-2.193390516535879442e+02
-2.193270552493582670e+02
-2.193270552493571586e+02
-2.193003937992579893e+02
-2.193003937992563976e+02
-2.192883372321098534e+02
-2.191568181212164177e+02
-2.191546729734276937e+02
-2.191546729734262726e+02
-2.191322477283621595e+02
-2.191322477283609089e+02
-2.191037041971668202e+02
-2.189997561789629117e+02

N=12, t_perp=0.100 
-2.238000601605536701e+02
-2.237924974134234333e+02
-2.237924974134205911e+02
-2.224435782773186929e+02
-2.224435782773063295e+02
-2.223527860941224219e+02
-2.223070363509430365e+02
-2.223070363509403080e+02
-2.222883206089584860e+02
-2.222398282155118352e+02
-2.222392233440260441e+02
-2.222026515508552791e+02
-2.222026515508529201e+02
-2.222013402266977664e+02
-2.222013402266948390e+02
-2.219943694817426945e+02
-2.219609460603627724e+02
-2.219609460603610955e+02
-2.218399852459321266e+02
-2.218399852459253907e+02
-2.217743095865673979e+02
-2.216584318155239828e+02
-2.216584318155239259e+02
-2.216533945619590895e+02
-2.216452988574964138e+02
-2.216250720345627485e+02
-2.216250720345626064e+02
-2.215687749525349943e+02
-2.215687749525335448e+02
-2.215638801464227470e+02
-2.215516750635611913e+02
-2.215262033404547140e+02
-2.215262033404536055e+02
-2.213832261059706923e+02
-2.213781153045755161e+02
-2.213781153045748056e+02
-2.212908297444034815e+02
-2.212908297444022594e+02
-2.212733296985168465e+02
-2.212368236310331895e+02

