N=5, t_perp=0.100 
-2.090963931850178881e+02
-2.090963931850178028e+02
-2.090471827443135453e+02
-2.079032618997337352e+02
-2.077803101431896096e+02
-2.077803101431870800e+02
-2.071642609782285547e+02
-2.071570480030158876e+02
-2.071570480030151771e+02
-2.070118409383136679e+02
-2.070118409383119626e+02
-2.069852065210290846e+02
-2.068413863347022925e+02
-2.068413863347017809e+02
-2.067572151411796995e+02
-2.055341320976245640e+02
-2.055307867307875824e+02
-2.054291902354061108e+02
-2.054291902354054855e+02
-2.052811791434073143e+02
-2.052768604610687646e+02
-2.052768604610684235e+02
-2.052474811492562026e+02
-2.052474811492552362e+02
-2.051625128353810510e+02
-2.051625128353809373e+02
-2.050333863883452921e+02
-2.050239273717687354e+02
-2.050239273717675417e+02
-2.050093411839207533e+02
-2.046262134214239268e+02
-2.046262134214222215e+02
-2.045746973649889924e+02
-2.044862320890450746e+02
-2.044862320890446767e+02
-2.044134042950556989e+02
-2.041465258774041729e+02
-2.041465258774031213e+02
-2.040034407033087689e+02
-2.040034407033073478e+02

N=6, t_perp=0.100 
-2.114158353816992246e+02
-2.111485663330735179e+02
-2.111485663330723241e+02
-2.103886966782775687e+02
-2.103886966782714580e+02
-2.095717753700958497e+02
-2.095450504887299417e+02
-2.095450504887281511e+02
-2.095074810872733906e+02
-2.094736118383509904e+02
-2.092404813788073454e+02
-2.092404813788067770e+02
-2.091948937429169177e+02
-2.091948937429156672e+02
-2.091892770573992379e+02
-2.089785356413674151e+02
-2.089339461527651736e+02
-2.089339461527627009e+02
-2.083301827737258520e+02
-2.083301827737248857e+02
-2.080593338812116144e+02
-2.080366811376141243e+02
-2.080051516596827810e+02
-2.080051516596825536e+02
-2.078732659766159827e+02
-2.078732659766139363e+02
-2.078655620420891239e+02
-2.078487002542143784e+02
-2.075637877557844035e+02
-2.075596852558952321e+02
-2.075596852558948342e+02
-2.074447653074424522e+02
-2.074188280065371544e+02
-2.074188280065367280e+02
-2.073856426844941723e+02
-2.073670685110784859e+02
-2.073105997896952317e+02
-2.073105997896945212e+02
-2.071349701439036721e+02
-2.071349701439028479e+02

N=7, t_perp=0.100 
-2.135122348097178815e+02
-2.134203240815394054e+02
-2.134203240815353411e+02
-2.124772965601520980e+02
-2.124772965601446231e+02
-2.121776763490138933e+02
-2.119463696613413219e+02
-2.118904794253179489e+02
-2.118904794253174089e+02
-2.116877949006428992e+02
-2.116033726043087029e+02
-2.116033726043084187e+02
-2.115115091870113986e+02
-2.115115091870103470e+02
-2.114968775410595754e+02
-2.113182671595021418e+02
-2.113182671595017723e+02
-2.111815369114495127e+02
-2.109984364066549176e+02
-2.109093943685193722e+02
-2.109093943685182637e+02
-2.107652559988971745e+02
-2.107652559988970324e+02
-2.107523935273609652e+02
-2.105310887040938042e+02
-2.105167493080672045e+02
-2.104732150715064449e+02
-2.104732150715055923e+02
-2.104397302817507693e+02
-2.104397302817505135e+02
-2.101356738065100842e+02
-2.101226211093548670e+02
-2.101226211093515417e+02
-2.100616957047062954e+02
-2.099679275750578142e+02
-2.099647278055475965e+02
-2.099647278055467154e+02
-2.099165264866119855e+02
-2.099165264866110192e+02
-2.097976125004645382e+02

N=8, t_perp=0.100 
-2.156522054787560023e+02
-2.156522054787519664e+02
-2.156356106894299955e+02
-2.146151006704166093e+02
-2.145624783696220845e+02
-2.145624783696193276e+02
-2.142003141374960649e+02
-2.141197946940775410e+02
-2.141197946940762620e+02
-2.140860420329677538e+02
-2.140860420329662475e+02
-2.139440424553613411e+02
-2.139170289527959881e+02
-2.139170289527959881e+02
-2.139001180797872621e+02
-2.135229952189928895e+02
-2.134320203668766283e+02
-2.134320203668765430e+02
-2.133405831259999843e+02
-2.133405831259989327e+02
-2.133228433220613738e+02
-2.131486619273010774e+02
-2.131486619273004521e+02
-2.130578079714209139e+02
-2.130088671915027305e+02
-2.130056382608401861e+02
-2.129799018585172519e+02
-2.129799018585151202e+02
-2.128852195892645796e+02
-2.128852195892619079e+02
-2.128318249383091825e+02
-2.128269314989824750e+02
-2.128269314989813381e+02
-2.128200154629336396e+02
-2.128200154629331564e+02
-2.127443678813485803e+02
-2.125612181415316684e+02
-2.124629332844910721e+02
-2.124629332844906173e+02
-2.123489102543028650e+02

N=9, t_perp=0.100 
-2.178946586126752720e+02
-2.178065477228539635e+02
-2.178065477228532814e+02
-2.168936107217173799e+02
-2.168936107217080860e+02
-2.164624142649541625e+02
-2.164402937896728076e+02
-2.164220951790814524e+02
-2.164220951790795482e+02
-2.163638309308641396e+02
-2.162058021837572426e+02
-2.162058021837566457e+02
-2.162037609207959008e+02
-2.161983992935566619e+02
-2.161983992935550702e+02
-2.160184470366931464e+02
-2.159544906415858065e+02
-2.159544906415830781e+02
-2.156104762320772181e+02
-2.156104762320710506e+02
-2.154966471244374304e+02
-2.154415510157404583e+02
-2.154213348017116232e+02
-2.154213348017102589e+02
-2.153459389181940651e+02
-2.153458867437878155e+02
-2.153458867437876449e+02
-2.153420818622664967e+02
-2.153420818622642798e+02
-2.153384290475016201e+02
-2.152530310855756284e+02
-2.152184051460283740e+02
-2.152066722391367364e+02
-2.152066722391366511e+02
-2.151878964027610266e+02
-2.151878964027603161e+02
-2.150768672594501822e+02
-2.150525103162140965e+02
-2.150525103162128744e+02
-2.149623813894486375e+02

N=10, t_perp=0.100 
-2.200602036610639232e+02
-2.200187027308881511e+02
-2.200187027308849963e+02
-2.190310565189391241e+02
-2.190310565189255385e+02
-2.187976428643062832e+02
-2.187220538242731607e+02
-2.186692165465851758e+02
-2.186692165465800315e+02
-2.185546906256148247e+02
-2.184888444282399007e+02
-2.184888444282392186e+02
-2.184629866303386621e+02
-2.184530984502546005e+02
-2.184530984502542594e+02
-2.182375159717184090e+02
-2.182345109439670523e+02
-2.182345109439646933e+02
-2.179845913838261424e+02
-2.179845913838232718e+02
-2.179294111371276585e+02
-2.177574708636601315e+02
-2.177574708636560388e+02
-2.177530084131950048e+02
-2.176746630014096979e+02
-2.176440274897121867e+02
-2.176440274897096856e+02
-2.176411708219298475e+02
-2.176244986156523566e+02
-2.176244986156498271e+02
-2.175567566506511525e+02
-2.175567566506505557e+02
-2.175399614864725208e+02
-2.175118078644802040e+02
-2.174896830706384208e+02
-2.174896830706358344e+02
-2.174890481707699337e+02
-2.174513903409491604e+02
-2.174513903409485351e+02
-2.173239664545876622e+02

N=11, t_perp=0.100 
-2.222290727101351138e+02
-2.222290727101303389e+02
-2.222254682095398266e+02
-2.211463918478902144e+02
-2.211374688805425421e+02
-2.211374688805291555e+02
-2.209437859927322734e+02
-2.208612777563545251e+02
-2.208612777563544682e+02
-2.208483346190200507e+02
-2.208483346190190559e+02
-2.207403220818330851e+02
-2.207218507549393394e+02
-2.207218507549369519e+02
-2.207067071825059656e+02
-2.204398593530666517e+02
-2.203650504305101947e+02
-2.203650504305079210e+02
-2.203419340915787927e+02
-2.203419340915754674e+02
-2.203281754404996491e+02
-2.200781929350785333e+02
-2.200781929350760890e+02
-2.200090620408118696e+02
-2.200076894933351070e+02
-2.200074597875444056e+02
-2.199694313505558796e+02
-2.199694313505544585e+02
-2.199569880735222398e+02
-2.199569880735216145e+02
-2.199039708367262165e+02
-2.199039708367253354e+02
-2.198701478446448334e+02
-2.198082096866232291e+02
-2.198082096866226607e+02
-2.197747627165190067e+02
-2.196948556873874452e+02
-2.196682067781738965e+02
-2.196613907537443424e+02
-2.196613907537437456e+02

N=12, t_perp=0.100 
-2.244405551040945568e+02
-2.244130672287599282e+02
-2.244130672287583366e+02
-2.233777445165846984e+02
-2.233777445165710276e+02
-2.231626993273816879e+02
-2.231318608249970623e+02
-2.231192157378329739e+02
-2.231192157378315244e+02
-2.230490258599086815e+02
-2.229889617987461179e+02
-2.229719089058007455e+02
-2.229719089057989265e+02
-2.229686274348813129e+02
-2.229686274348803181e+02
-2.228013219506138967e+02
-2.227472532574034290e+02
-2.227472532573978299e+02
-2.225419441811486934e+02
-2.225419441811382342e+02
-2.224491740325038904e+02
-2.223483117033345877e+02
-2.223334674842062384e+02
-2.223334674842034815e+02
-2.222990764005990627e+02
-2.222891412533741118e+02
-2.222891412533739981e+02
-2.222775419653452218e+02
-2.222775419653441134e+02
-2.222715737876841047e+02
-2.222233422761853490e+02
-2.221995968303413349e+02
-2.221995968303396580e+02
-2.220898116164018461e+02
-2.220898116164017608e+02
-2.220687120661265794e+02
-2.220602724431948900e+02
-2.219965939770895886e+02
-2.219965939770890770e+02
-2.219813696967170813e+02

