N=5, t_perp=0.100 
-2.089486614641379845e+02
-2.089486614641379560e+02
-2.088194674035866285e+02
-2.077346139324131968e+02
-2.075244806132833162e+02
-2.075244806132811846e+02
-2.072440082975177802e+02
-2.072440082975165012e+02
-2.070132550147700385e+02
-2.069607986100108121e+02
-2.068988103091587618e+02
-2.068678326226319655e+02
-2.068678326226304023e+02
-2.068310370519473054e+02
-2.068310370519469927e+02
-2.064497405364211602e+02
-2.061702092857930779e+02
-2.061702092857929358e+02
-2.059335971468604214e+02
-2.058508257056735147e+02
-2.058407392270862601e+02
-2.058407392270862601e+02
-2.056211536139846885e+02
-2.056211536139834664e+02
-2.053863175932322349e+02
-2.053466258876595418e+02
-2.053466258876583765e+02
-2.053054520131908305e+02
-2.053054520131900631e+02
-2.050907562408274600e+02
-2.049941039057073908e+02
-2.049941039057062540e+02
-2.046256038687878061e+02
-2.046256038687875503e+02
-2.045277083822053896e+02
-2.045115050119524653e+02
-2.045115050119522095e+02
-2.044483707643914272e+02
-2.043561349339823039e+02
-2.041742175603968121e+02

N=6, t_perp=0.100 
-2.111871840129569762e+02
-2.109752482596627772e+02
-2.109752482596624361e+02
-2.099821201020740489e+02
-2.099821201020681656e+02
-2.094925259638595492e+02
-2.094462060496363165e+02
-2.093749715801002367e+02
-2.093749715800980198e+02
-2.093557883715857031e+02
-2.093557883715841115e+02
-2.093255525093915992e+02
-2.091862777369437367e+02
-2.091400850801555862e+02
-2.091400850801532272e+02
-2.088364524652095042e+02
-2.088364524652082821e+02
-2.087373448593460807e+02
-2.084465503312479484e+02
-2.084465503312462431e+02
-2.084075075086641959e+02
-2.082706576372321763e+02
-2.082706576372308405e+02
-2.082070037837273446e+02
-2.080647967723895420e+02
-2.080160916416375869e+02
-2.080160916416370753e+02
-2.079675452082221625e+02
-2.079675452082197467e+02
-2.079413734395490394e+02
-2.078773837992544884e+02
-2.078773837992536926e+02
-2.077412178810145917e+02
-2.076913278469266686e+02
-2.076754070506398193e+02
-2.076754070506393361e+02
-2.075598240929987526e+02
-2.075598240929980136e+02
-2.074972499903496157e+02
-2.074515494872291015e+02

N=7, t_perp=0.100 
-2.132727633300067396e+02
-2.131846832314261349e+02
-2.131846832314242022e+02
-2.121073663182597215e+02
-2.121073663182524740e+02
-2.118034756294843532e+02
-2.117693870085929859e+02
-2.115983670206358909e+02
-2.115983670206344982e+02
-2.114859640535095764e+02
-2.114686133389170948e+02
-2.114686133389155316e+02
-2.114153494038365579e+02
-2.114153494038361316e+02
-2.113606069053844863e+02
-2.112755082241857281e+02
-2.112755082241839943e+02
-2.111755359414869702e+02
-2.109015480770501654e+02
-2.108701266129202168e+02
-2.108701266129201599e+02
-2.108574986418931587e+02
-2.107482946433482596e+02
-2.107482946433475206e+02
-2.106555031783536265e+02
-2.106555031783527738e+02
-2.104773775952551489e+02
-2.104673527028496096e+02
-2.103492035562155991e+02
-2.103492035562155991e+02
-2.103211300144477605e+02
-2.103211300144467941e+02
-2.102835546125109545e+02
-2.102544253264948679e+02
-2.102544253264936174e+02
-2.102017012206567586e+02
-2.100154528250807857e+02
-2.099885756776697008e+02
-2.099819395292193178e+02
-2.099819395292186073e+02

N=8, t_perp=0.100 
-2.153889235930077177e+02
-2.153889235930058987e+02
-2.153486690026788324e+02
-2.141999715397769819e+02
-2.141261903043720736e+02
-2.141261903043675545e+02
-2.138975411836583191e+02
-2.138975411836570402e+02
-2.138645816731529408e+02
-2.137529621787647329e+02
-2.137529621787633687e+02
-2.137398708515326291e+02
-2.136624451963326123e+02
-2.136624451963290880e+02
-2.136350437280203209e+02
-2.133772201894741158e+02
-2.133532137192766243e+02
-2.133512734211048496e+02
-2.133512734211041959e+02
-2.133195923615742799e+02
-2.133195923615740810e+02
-2.131182275848335905e+02
-2.131182275848333916e+02
-2.130987736158458006e+02
-2.129687300590204018e+02
-2.129434553315042820e+02
-2.129019557044103408e+02
-2.129019557044097439e+02
-2.128040395290566948e+02
-2.127600925120593445e+02
-2.127600925120593445e+02
-2.127542642326778548e+02
-2.127542642326769169e+02
-2.126412140331354692e+02
-2.125849350162258133e+02
-2.125849350162249607e+02
-2.125249066980060775e+02
-2.125249066980047132e+02
-2.125054687537432585e+02
-2.124980055499716798e+02

N=9, t_perp=0.100 
-2.175683548732551742e+02
-2.175172344440415202e+02
-2.175172344440406391e+02
-2.163612621061509742e+02
-2.163612621061397476e+02
-2.161287045909840856e+02
-2.160702386294634039e+02
-2.160541691649403901e+02
-2.160433497368402129e+02
-2.160433497368389908e+02
-2.159684879472409591e+02
-2.159684879472403054e+02
-2.159507879624163422e+02
-2.159016730530676398e+02
-2.159016730530646271e+02
-2.156352219452774079e+02
-2.156352219452764700e+02
-2.156006976209835386e+02
-2.154719227325666679e+02
-2.154719227325643658e+02
-2.154328985583192093e+02
-2.154328985583185840e+02
-2.153884793358693628e+02
-2.153782955860189077e+02
-2.153648339917493786e+02
-2.153353051518049313e+02
-2.153353051518037091e+02
-2.151363461055969140e+02
-2.151256579250575101e+02
-2.151256579250561174e+02
-2.150971157704647112e+02
-2.150971157704641143e+02
-2.150841563555252094e+02
-2.149632109357798413e+02
-2.149632109357797276e+02
-2.149223162793291522e+02
-2.149065462635697656e+02
-2.148525086312574217e+02
-2.148525086312564554e+02
-2.148301026495057613e+02

N=10, t_perp=0.100 
-2.197165112974243186e+02
-2.196838668379682815e+02
-2.196838668379676562e+02
-2.184950703016559999e+02
-2.184950703016435511e+02
-2.183545508401817017e+02
-2.182496769324974082e+02
-2.182203212613740391e+02
-2.182203212613702590e+02
-2.181807700190224182e+02
-2.181530894883284759e+02
-2.181530894883266569e+02
-2.181150497914491666e+02
-2.180944873131399788e+02
-2.180944873131376767e+02
-2.179628400266496442e+02
-2.179604066920049945e+02
-2.179604066920017544e+02
-2.176981889574959439e+02
-2.176981889574918512e+02
-2.176254748876284566e+02
-2.175773690870948656e+02
-2.175509195609146786e+02
-2.175509195609141386e+02
-2.175362235341002304e+02
-2.175362235341001735e+02
-2.175256446209153296e+02
-2.175256446209146759e+02
-2.175236999211406328e+02
-2.174447986458261823e+02
-2.174447986458251876e+02
-2.174364367056534491e+02
-2.174274471367903345e+02
-2.173216300024665486e+02
-2.172784351309855140e+02
-2.172784351309842634e+02
-2.171270337050581247e+02
-2.171270337050570447e+02
-2.171178711171021973e+02
-2.171051125579984102e+02

N=11, t_perp=0.100 
-2.218587730921192929e+02
-2.218587730921115337e+02
-2.218484767975037926e+02
-2.205793023365191061e+02
-2.205785226720331025e+02
-2.205785226720262244e+02
-2.204660838889378454e+02
-2.204459398452938785e+02
-2.204459398452910079e+02
-2.203660378082873592e+02
-2.203649103097341992e+02
-2.203649103097324371e+02
-2.202753639717576277e+02
-2.202753639717573719e+02
-2.202331322220986181e+02
-2.201009287449362546e+02
-2.200596485241906350e+02
-2.200596485241877360e+02
-2.200567931216282318e+02
-2.200518592682864494e+02
-2.200518592682846872e+02
-2.198358811936489587e+02
-2.198262342355706380e+02
-2.198262342355699843e+02
-2.197513591765139722e+02
-2.197049603489763001e+02
-2.197049603489749074e+02
-2.196656452324061206e+02
-2.196606066943423627e+02
-2.196606066943419648e+02
-2.196438256384435590e+02
-2.196193240593514986e+02
-2.196193240593507312e+02
-2.195966824227819814e+02
-2.195966824227806171e+02
-2.195651542696442675e+02
-2.195651542696434149e+02
-2.195395097052124243e+02
-2.195370076661209850e+02
-2.193635127871172585e+02

N=12, t_perp=0.100 
-2.240227865828919676e+02
-2.240120815474730023e+02
-2.240120815474728317e+02
-2.227494938136973701e+02
-2.227494938136849498e+02
-2.226559070929642985e+02
-2.226065401934528438e+02
-2.226065401934507690e+02
-2.226039863622009705e+02
-2.225617693359678810e+02
-2.225539978783939716e+02
-2.225151913780993596e+02
-2.225151913780991038e+02
-2.225023188801259266e+02
-2.225023188801245055e+02
-2.222759845096111633e+02
-2.222759845096076106e+02
-2.222706824669653827e+02
-2.221908825790087008e+02
-2.221908825790038122e+02
-2.221284967766750071e+02
-2.220982027221041051e+02
-2.220982027221033377e+02
-2.220681621696996331e+02
-2.220608066914539336e+02
-2.220517915250631233e+02
-2.220517915250611907e+02
-2.219097709296112555e+02
-2.218953023832563929e+02
-2.218895778949339785e+02
-2.218895778949326711e+02
-2.218658326142094666e+02
-2.218658326142082160e+02
-2.217234727535760896e+02
-2.217144432007975183e+02
-2.217144432007972910e+02
-2.217120815657061428e+02
-2.217120815657055459e+02
-2.216787977444706144e+02
-2.216766226987595019e+02

